0 0.33203125 0.509375 0.66328125 0.58671875
0 0.609375 0.33046875 0.09375 0.15390625
0 0.4125 0.240625 0.084375 0.25
0 0.8234375 0.17421875 0.021875 0.0484375
0 0.875 0.16484375 0.01953125 0.053125
0 0.8078125 0.2671875 0.10546875 0.21875
0 0.04921875 0.22265625 0.0984375 0.2453125
0 0.72734375 0.36875 0.1078125 0.1875
0 0.35 0.20078125 0.03359375 0.0578125
0 0.665625 0.196875 0.08203125 0.16796875
0 0.71875 0.2015625 0.03828125 0.1703125
0 0.21484375 0.25234375 0.0453125 0.103125
0 0.1703125 0.165625 0.03125 0.11328125
0 0.5296875 0.21640625 0.92578125 0.28125