0 0.5671875 0.7125 0.053125 0.16796875
0 0.4375 0.69609375 0.08203125 0.22109375
0 0.38359375 0.8328125 0.1421875 0.3296875
0 0.4078125 0.59140625 0.021875 0.02890625
0 0.0421875 0.75859375 0.06015625 0.28828125
0 0.0765625 0.58515625 0.0171875 0.08203125
0 0.11796875 0.5921875 0.0265625 0.10078125
0 0.60546875 0.6859375 0.03828125 0.22109375
0 0.09765625 0.725 0.053125 0.19453125
0 0.45546875 0.5796875 0.021875 0.10546875
0 0.4890625 0.703125 0.0484375 0.12265625
0 0.7125 0.57421875 0.02890625 0.1421875
0 0.02421875 0.71484375 0.04296875 0.23046875
0 0.5140625 0.63125 0.9375 0.35546875