0 0.03515625 0.628125 0.0703125 0.36875
0 0.38359375 0.684375 0.1546875 0.25625
0 0.33046875 0.66484375 0.121875 0.2578125
0 0.90078125 0.78203125 0.0859375 0.1515625
0 0.7390625 0.7234375 0.0859375 0.1328125
0 0.12421875 0.65703125 0.215625 0.340625
0 0.4203125 0.59921875 0.0546875 0.0984375
0 0.43828125 0.60234375 0.05625 0.103125
0 0.68984375 0.73671875 0.1125 0.18125
0 0.78046875 0.7375 0.075 0.134375
0 0.63671875 0.696875 0.071875 0.15
0 0.940625 0.74140625 0.028125 0.0515625
0 0.80078125 0.74453125 0.071875 0.125
0 0.3515625 0.6640625 0.703125 0.40625