0 0.7328125 0.31171875 0.040625 0.115625
0 0.84765625 0.26640625 0.0171875 0.0546875
0 0.8796875 0.29609375 0.053125 0.1046875
0 0.925 0.32265625 0.0796875 0.15
0 0.76484375 0.2921875 0.040625 0.0890625
0 0.6828125 0.2984375 0.04375 0.1234375
0 0.5328125 0.28515625 0.0265625 0.0734375
0 0.77890625 0.27734375 0.025 0.0625
0 0.63828125 0.28515625 0.0328125 0.090625
0 0.50390625 0.28671875 0.03125 0.0859375
0 0.946875 0.2828125 0.0296875 0.0625
0 0.73984375 0.25625 0.009375 0.0265625
0 0.825 0.26796875 0.025 0.0625
0 0.65390625 0.2859375 0.36875 0.1875