0 0.384375 0.3375 0.4859375 0.278125
0 0.603125 0.67890625 0.05 0.0453125
0 0.4296875 0.63359375 0.034375 0.05625
0 0.41015625 0.62734375 0.025 0.059375
0 0.075 0.61875 0.0328125 0.0234375
0 0.16328125 0.61015625 0.0328125 0.0609375
0 0.10625 0.621875 0.0296875 0.0171875
0 0.0515625 0.62109375 0.021875 0.0234375
0 0.21171875 0.64453125 0.05 0.071875
0 0.815625 0.59453125 0.2515625 0.2953125
0 0.7625 0.43125 0.0421875 0.0375
0 0.01484375 0.628125 0.0296875 0.0265625
0 0.19609375 0.61171875 0.0328125 0.0609375
0 0.4671875 0.50859375 0.934375 0.4515625