0 0.115625 0.796875 0.1875 0.37734375
0 0.5 0.8328125 0.10546875 0.3296875
0 0.4375 0.81484375 0.07421875 0.35078125
0 0.29296875 0.83671875 0.146875 0.321875
0 0.81875 0.87734375 0.1703125 0.24296875
0 0.765625 0.81875 0.04296875 0.18984375
0 0.6234375 0.759375 0.0578125 0.16796875
0 0.56875 0.728125 0.04296875 0.178125
0 0.6390625 0.6734375 0.03828125 0.14453125
0 0.93515625 0.73671875 0.03828125 0.09140625
0 0.975 0.74375 0.04296875 0.09609375
0 0.73671875 0.81953125 0.03359375 0.084375
0 0.97578125 0.65234375 0.0359375 0.1109375
0 0.4984375 0.76328125 0.996875 0.4609375