0 0.3609375 0.78125 0.11796875 0.40390625
0 0.69375 0.74765625 0.09375 0.5
0 0.40859375 0.6671875 0.22109375 0.33203125
0 0.24296875 0.678125 0.0796875 0.26953125
0 0.290625 0.65390625 0.06953125 0.28359375
0 0.7671875 0.78125 0.13671875 0.43515625
0 0.54296875 0.6875 0.08203125 0.29296875
0 0.1390625 0.6453125 0.10078125 0.1875
0 0.05859375 0.65234375 0.08203125 0.16328125
0 0.53515625 0.5296875 0.09140625 0.271875
0 0.5875 0.60546875 0.01953125 0.0359375
0 0.890625 0.7078125 0.18515625 0.57421875
0 0.6265625 0.74609375 0.09140625 0.46640625
0 0.39453125 0.6203125 0.1875 0.27421875