0 0.60078125 0.38203125 0.01171875 0.0484375
0 0.61796875 0.9046875 0.1109375 0.15859375
0 0.078125 0.91953125 0.15625 0.15625
0 0.63828125 0.22578125 0.00703125 0.0171875
0 0.62109375 0.30546875 0.009375 0.02421875
0 0.47578125 0.2484375 0.01171875 0.02890625
0 0.4421875 0.240625 0.009375 0.0171875
0 0.43125 0.225 0.009375 0.021875
0 0.634375 0.5375 0.0796875 0.18046875
0 0.209375 0.94375 0.08671875 0.0890625
0 0.275 0.3859375 0.01171875 0.0484375
0 0.0625 0.4171875 0.0359375 0.04296875
0 0.4234375 0.9546875 0.16328125 0.08671875
0 0.5 0.3375 0.99765625 0.3078125