0 0.915625 0.59609375 0.13125 0.2140625
0 0.3171875 0.76953125 0.203125 0.3046875
0 0.415625 0.6625 0.04375 0.09375
0 0.3859375 0.68203125 0.059375 0.1109375
0 0.771875 0.5453125 0.03125 0.0578125
0 0.19765625 0.71171875 0.0390625 0.053125
0 0.14765625 0.75390625 0.0359375 0.0703125
0 0.95546875 0.51171875 0.0421875 0.09375
0 0.0640625 0.73515625 0.0296875 0.0421875
0 0.6796875 0.57734375 0.0328125 0.0515625
0 0.93046875 0.515625 0.05625 0.0703125
0 0.97421875 0.49140625 0.028125 0.046875
0 0.37734375 0.690625 0.0859375 0.125
0 0.53125 0.62890625 0.9375 0.3359375