0 0.58984375 0.6 0.1703125 0.66796875
0 0.8171875 0.296875 0.03828125 0.103125
0 0.77421875 0.3109375 0.0359375 0.134375
0 0.91796875 0.33046875 0.0890625 0.2328125
0 0.9640625 0.28515625 0.06953125 0.165625
0 0.3453125 0.3609375 0.0484375 0.10546875
0 0.74609375 0.31875 0.021875 0.084375
0 0.24296875 0.365625 0.12265625 0.1390625
0 0.415625 0.34609375 0.03828125 0.0890625
0 0.45703125 0.32578125 0.040625 0.05078125
0 0.275 0.34765625 0.04296875 0.0796875
0 0.31015625 0.32578125 0.0265625 0.0578125
0 0.5453125 0.50625 0.10078125 0.5453125
0 0.1453125 0.36640625 0.290625 0.7328125