0 0.55078125 0.5453125 0.01953125 0.0796875
0 0.58046875 0.546875 0.0140625 0.07421875
0 0.078125 0.5203125 0.0359375 0.115625
0 0.50234375 0.5484375 0.0171875 0.06015625
0 0.5140625 0.5453125 0.021875 0.06484375
0 0.44921875 0.54921875 0.01171875 0.06953125
0 0.5609375 0.54296875 0.01171875 0.06953125
0 0.40625 0.55546875 0.009375 0.06015625
0 0.75703125 0.38671875 0.01171875 0.01953125
0 0.80390625 0.3734375 0.0140625 0.021875
0 0.91796875 0.3578125 0.01953125 0.02890625
0 0.86328125 0.509375 0.0265625 0.04296875
0 0.17578125 0.54453125 0.02421875 0.06484375
0 0.14921875 0.54453125 0.02890625 0.053125