0 0.1609375 0.8234375 0.2375 0.353125
0 0.54609375 0.8296875 0.15 0.340625
0 0.48203125 0.8203125 0.121875 0.3578125
0 0.3421875 0.84609375 0.190625 0.3078125
0 0.86796875 0.8296875 0.203125 0.2640625
0 0.80703125 0.77890625 0.06875 0.19375
0 0.65859375 0.73984375 0.08125 0.175
0 0.6 0.71640625 0.0671875 0.1828125
0 0.66171875 0.65234375 0.0578125 0.1484375
0 0.9640625 0.67421875 0.05 0.0953125
0 0.98828125 0.67421875 0.0234375 0.1015625
0 0.77890625 0.78359375 0.0453125 0.0875
0 0.9828125 0.584375 0.034375 0.115625
0 0.5046875 0.73125 0.990625 0.5375