0 0.52890625 0.39921875 0.04296875 0.0671875
0 0.49765625 0.4109375 0.02421875 0.0359375
0 0.47578125 0.40859375 0.02421875 0.0453125
0 0.87265625 0.384375 0.02421875 0.04296875
0 0.17421875 0.603125 0.0359375 0.053125
0 0.41796875 0.42578125 0.021875 0.03125
0 0.9234375 0.365625 0.03828125 0.06953125
0 0.45703125 0.4265625 0.01171875 0.0140625
0 0.62734375 0.39453125 0.0140625 0.009375
0 0.259375 0.396875 0.0265625 0.0671875
0 0.94921875 0.37890625 0.0171875 0.03828125
0 0.46640625 0.40390625 0.01171875 0.0171875
0 0.32421875 0.4234375 0.0171875 0.021875