0 0.528125 0.6234375 0.253125 0.5390625
0 0.26328125 0.3953125 0.1578125 0.1765625
0 0.34140625 0.45 0.096875 0.1796875
0 0.41875 0.54375 0.153125 0.2421875
0 0.8515625 0.7171875 0.246875 0.565625
0 0.753125 0.6265625 0.184375 0.253125
0 0.63046875 0.509375 0.0625 0.1171875
0 0.5453125 0.415625 0.053125 0.09375
0 0.2375 0.46171875 0.1515625 0.2328125
0 0.9203125 0.678125 0.159375 0.56875
0 0.11640625 0.36484375 0.11875 0.225
0 0.478125 0.49375 0.1046875 0.1765625
0 0.3921875 0.42890625 0.05 0.0734375