0 0.9046875 0.47109375 0.0453125 0.15625
0 0.8421875 0.47734375 0.04296875 0.15859375
0 0.7796875 0.4890625 0.04296875 0.14453125
0 0.73046875 0.4890625 0.04296875 0.15859375
0 0.43359375 0.44609375 0.03359375 0.12265625
0 0.3890625 0.44609375 0.053125 0.12734375
0 0.26328125 0.4359375 0.03359375 0.06953125
0 0.26953125 0.52890625 0.02890625 0.1390625
0 0.2328125 0.54921875 0.0484375 0.146875
0 0.1890625 0.5484375 0.04296875 0.1515625
0 0.375 0.5421875 0.0359375 0.14453125
0 0.196875 0.48046875 0.03828125 0.06015625
0 0.334375 0.4796875 0.03125 0.11796875
0 0.2875 0.49609375 0.1828125 0.20703125