0 0.63203125 0.35078125 0.4640625 0.23046875
0 0.37890625 0.6671875 0.0453125 0.040625
0 0.55625 0.640625 0.02890625 0.053125
0 0.57578125 0.6359375 0.01953125 0.0578125
0 0.91015625 0.6625 0.03125 0.01953125
0 0.8234375 0.64453125 0.0265625 0.0578125
0 0.87890625 0.6625 0.02890625 0.0140625
0 0.93359375 0.6671875 0.01953125 0.021875
0 0.771875 0.67421875 0.04296875 0.0671875
0 0.1765625 0.5609375 0.2234375 0.27421875
0 0.24609375 0.40390625 0.03828125 0.03359375
0 0.96875 0.678125 0.0265625 0.02421875
0 0.790625 0.64296875 0.0265625 0.0578125
0 0.53828125 0.51328125 0.91796875 0.3578125