0 0.55546875 0.6140625 0.1390625 0.521875
0 0.24609375 0.4515625 0.12734375 0.1515625
0 0.334375 0.48671875 0.06015625 0.1703125
0 0.43046875 0.5609375 0.10546875 0.2234375
0 0.896875 0.6578125 0.11328125 0.6078125
0 0.775 0.56640625 0.13671875 0.228125
0 0.62890625 0.4796875 0.03828125 0.1109375
0 0.525 0.4078125 0.03359375 0.0890625
0 0.2359375 0.521875 0.10546875 0.2140625
0 0.96484375 0.5765625 0.06484375 0.56953125
0 0.09609375 0.4546875 0.071875 0.2140625
0 0.47734375 0.4984375 0.06953125 0.165625
0 0.37890625 0.4546875 0.0359375 0.0671875