0 0.1421875 0.72109375 0.115625 0.22578125
0 0.19453125 0.6421875 0.03359375 0.06484375
0 0.25390625 0.69453125 0.03359375 0.1609375
0 0.5875 0.6390625 0.0171875 0.02890625
0 0.509375 0.6390625 0.01953125 0.03359375
0 0.38125 0.6734375 0.0265625 0.06484375
0 0.40234375 0.7015625 0.01953125 0.084375
0 0.41796875 0.665625 0.02890625 0.0578125
0 0.459375 0.66015625 0.0265625 0.04296875
0 0.69453125 0.63671875 0.01953125 0.03359375
0 0.3421875 0.671875 0.03125 0.06015625
0 0.834375 0.63203125 0.0171875 0.053125
0 0.553125 0.64296875 0.01171875 0.03125
0 0.66484375 0.62734375 0.5578125 0.09140625