0 0.23125 0.65546875 0.1453125 0.303125
0 0.09609375 0.66015625 0.109375 0.36875
0 0.80078125 0.525 0.0578125 0.178125
0 0.3015625 0.5140625 0.0546875 0.0734375
0 0.5765625 0.4953125 0.071875 0.134375
0 0.71171875 0.55625 0.0765625 0.24375
0 0.825 0.44296875 0.0484375 0.0765625
0 0.63515625 0.56640625 0.1328125 0.3015625
0 0.6765625 0.55390625 0.0828125 0.278125
0 0.04375 0.6546875 0.0875 0.378125
0 0.23828125 0.5296875 0.0375 0.0828125
0 0.4953125 0.578125 0.021875 0.0375
0 0.4015625 0.5953125 0.059375 0.0921875