0 0.146875 0.915625 0.05078125 0.146875
0 0.74609375 0.87890625 0.0484375 0.115625
0 0.4078125 0.85234375 0.0140625 0.071875
0 0.36875 0.84765625 0.0140625 0.0578125
0 0.86171875 0.82421875 0.02890625 0.06015625
0 0.2640625 0.85234375 0.01171875 0.053125
0 0.1 0.92421875 0.06484375 0.146875
0 0.18046875 0.91015625 0.04296875 0.178125
0 0.77265625 0.890625 0.0359375 0.07421875
0 0.78515625 0.87734375 0.03359375 0.10078125
0 0.80625 0.89765625 0.040625 0.0671875
0 0.46875 0.84765625 0.021875 0.07421875
0 0.5484375 0.90234375 0.03828125 0.13671875
0 0.4984375 0.88828125 0.996875 0.2171875