0 0.48203125 0.721875 0.0890625 0.175
0 0.6046875 0.67734375 0.1296875 0.234375
0 0.68828125 0.7984375 0.2125 0.353125
0 0.61015625 0.56796875 0.028125 0.0328125
0 0.97109375 0.6484375 0.0578125 0.29375
0 0.93203125 0.4875 0.0359375 0.084375
0 0.89296875 0.50390625 0.0484375 0.1046875
0 0.4390625 0.7046875 0.0875 0.2234375
0 0.94296875 0.62890625 0.0953125 0.2015625
0 0.5609375 0.56796875 0.0453125 0.1078125
0 0.55625 0.6953125 0.075 0.1296875
0 0.309375 0.6203125 0.059375 0.1453125
0 0.98203125 0.6015625 0.0359375 0.234375
0 0.509375 0.63046875 0.98125 0.5578125