0 0.5453125 0.446875 0.0796875 0.24296875
0 0.859375 0.48046875 0.11328125 0.2640625
0 0.1765625 0.5109375 0.01171875 0.0453125
0 0.1421875 0.48203125 0.0171875 0.03125
0 0.0765625 0.51328125 0.05078125 0.115625
0 0.65 0.51171875 0.009375 0.02890625
0 0.709375 0.4546875 0.01171875 0.03125
0 0.4 0.4703125 0.0671875 0.2046875
0 0.25625 0.5765625 0.04296875 0.178125
0 0.2359375 0.4375 0.021875 0.06015625
0 0.978125 0.74765625 0.040625 0.0796875
0 0.3296875 0.4359375 0.01171875 0.0625
0 0.946875 0.9234375 0.103125 0.14921875
0 0.4984375 0.55234375 0.996875 0.3078125