0 0.22890625 0.546875 0.0203125 0.0640625
0 0.19921875 0.565625 0.025 0.059375
0 0.34765625 0.5109375 0.025 0.0625
0 0.4484375 0.53671875 0.0140625 0.0203125
0 0.6046875 0.490625 0.00625 0.0140625
0 0.5890625 0.490625 0.009375 0.0171875
0 0.371875 0.52265625 0.028125 0.078125
0 0.4671875 0.54375 0.0140625 0.0234375
0 0.31484375 0.5484375 0.025 0.03125
0 0.25703125 0.54609375 0.01875 0.021875
0 0.80390625 0.68671875 0.1421875 0.565625
0 0.2109375 0.53203125 0.0125 0.025
0 0.2828125 0.54453125 0.0375 0.0421875
0 0.40703125 0.5328125 0.56875 0.11875