0 0.46015625 0.4421875 0.1046875 0.25
0 0.14453125 0.44296875 0.140625 0.275
0 0.8203125 0.54453125 0.015625 0.046875
0 0.8578125 0.51953125 0.0203125 0.0328125
0 0.91953125 0.5578125 0.0625 0.1203125
0 0.34921875 0.49609375 0.0125 0.0296875
0 0.296875 0.4328125 0.015625 0.0328125
0 0.60234375 0.48125 0.0875 0.2109375
0 0.734375 0.6015625 0.0609375 0.18125
0 0.76953125 0.465625 0.028125 0.0625
0 0.0109375 0.69609375 0.021875 0.0828125
0 0.67578125 0.45390625 0.01875 0.0640625
0 0.03515625 0.8734375 0.0703125 0.159375
0 0.5 0.55234375 1 0.4109375