0 0.35859375 0.3890625 0.7171875 0.778125
0 0.8671875 0.77421875 0.25 0.4515625
0 0.9640625 0.5203125 0.071875 0.1375
0 0.6265625 0.8546875 0.353125 0.290625
0 0.81328125 0.790625 0.1921875 0.378125
0 0.73828125 0.646875 0.109375 0.2046875
0 0.62421875 0.79609375 0.15625 0.3125
0 0.6390625 0.6765625 0.1421875 0.3015625
0 0.47734375 0.85859375 0.1703125 0.2828125
0 0.3890625 0.87265625 0.1625 0.240625
0 0.2859375 0.8546875 0.153125 0.21875
0 0.7640625 0.6015625 0.0453125 0.0703125
0 0.55078125 0.83203125 0.071875 0.13125
0 0.46796875 0.64453125 0.9359375 0.7109375