0 0.50234375 0.4859375 0.1296875 0.490625
0 0.25390625 0.4515625 0.0671875 0.165625
0 0.3609375 0.41484375 0.04296875 0.11796875
0 0.81875 0.51328125 0.03828125 0.08671875
0 0.915625 0.59765625 0.0359375 0.1609375
0 0.115625 0.4484375 0.0265625 0.084375
0 0.74296875 0.525 0.0140625 0.06953125
0 0.0640625 0.4859375 0.02421875 0.0484375
0 0.98046875 0.5453125 0.03125 0.17578125
0 0.2953125 0.41015625 0.02421875 0.10078125
0 0.01796875 0.521875 0.0359375 0.22109375
0 0.0359375 0.44921875 0.01953125 0.0625
0 0.8953125 0.5578125 0.03125 0.1609375
0 0.50625 0.4484375 0.9546875 0.509375