0 0.86015625 0.796875 0.2734375 0.40625
0 0.134375 0.8671875 0.05 0.121875
0 0.19921875 0.85859375 0.0578125 0.1359375
0 0.45390625 0.87109375 0.0546875 0.040625
0 0.7265625 0.840625 0.0390625 0.0375
0 0.78828125 0.8625 0.0296875 0.0703125
0 0.97265625 0.84921875 0.0328125 0.065625
0 0.03515625 0.86328125 0.0125 0.0390625
0 0.0734375 0.83515625 0.0125 0.0265625
0 0.49296875 0.87265625 0.028125 0.028125
0 0.55 0.86328125 0.028125 0.0296875
0 0.5328125 0.865625 0.015625 0.034375
0 0.68984375 0.84375 0.0078125 0.0265625
0 0.38828125 0.85546875 0.7765625 0.1140625