0 0.63203125 0.63125 0.0765625 0.134375
0 0.3765625 0.63359375 0.10546875 0.12734375
0 0.4671875 0.52265625 0.04296875 0.3078125
0 0.7203125 0.58203125 0.03828125 0.1078125
0 0.16953125 0.64453125 0.05078125 0.06015625
0 0.4421875 0.59140625 0.0359375 0.0984375
0 0.90859375 0.66328125 0.0796875 0.05078125
0 0.19453125 0.61640625 0.03125 0.05078125
0 0.6703125 0.58203125 0.05078125 0.18046875
0 0.3859375 0.6421875 0.04296875 0.06015625
0 0.87265625 0.6265625 0.021875 0.05546875
0 0.540625 0.51796875 0.19921875 0.6078125
0 0.97109375 0.63125 0.05546875 0.134375