0 0.23984375 0.46328125 0.1421875 0.175
0 0.0765625 0.35 0.075 0.109375
0 0.38125 0.41796875 0.1046875 0.11875
0 0.23359375 0.35078125 0.059375 0.084375
0 0.3671875 0.3484375 0.025 0.0328125
0 0.95703125 0.515625 0.059375 0.075
0 0.92265625 0.48515625 0.0453125 0.059375
0 0.878125 0.46640625 0.0453125 0.0546875
0 0.84140625 0.4703125 0.046875 0.059375
0 0.8859375 0.50234375 0.065625 0.0703125
0 0.27890625 0.3390625 0.0453125 0.0453125
0 0.11015625 0.31875 0.065625 0.0890625
0 0.290625 0.37265625 0.0640625 0.0765625
0 0.5 0.41015625 0.9625 0.3484375