0 0.2921875 0.41484375 0.0921875 0.1359375
0 0.23984375 0.63515625 0.121875 0.1921875
0 0.27890625 0.84453125 0.2546875 0.3109375
0 0.175 0.83984375 0.278125 0.3203125
0 0.1203125 0.61015625 0.240625 0.4140625
0 0.44140625 0.40703125 0.0921875 0.1703125
0 0.65703125 0.34609375 0.1640625 0.2609375
0 0.92734375 0.4171875 0.1453125 0.23125
0 0.2265625 0.40703125 0.078125 0.1328125
0 0.46875 0.37734375 0.0859375 0.1484375
0 0.19296875 0.428125 0.0875 0.128125
0 0.82890625 0.43984375 0.121875 0.203125
0 0.628125 0.40234375 0.059375 0.1
0 0.43203125 0.590625 0.8640625 0.709375