0 0.43359375 0.7359375 0.184375 0.4015625
0 0.06796875 0.5765625 0.1359375 0.53125
0 0.69609375 0.7734375 0.1640625 0.35625
0 0.78984375 0.78359375 0.175 0.3671875
0 0.896875 0.6203125 0.146875 0.3515625
0 0.81328125 0.534375 0.1140625 0.25
0 0.7265625 0.5453125 0.121875 0.2546875
0 0.63671875 0.5484375 0.11875 0.2921875
0 0.5375 0.76484375 0.175 0.3515625
0 0.8703125 0.82890625 0.1546875 0.33125
0 0.30078125 0.72890625 0.171875 0.390625
0 0.459375 0.521875 0.1390625 0.3359375
0 0.6015625 0.7875 0.146875 0.328125
0 0.5 0.49296875 1 0.9859375