0 0.6421875 0.54296875 0.025 0.0328125
0 0.53359375 0.60234375 0.034375 0.046875
0 0.690625 0.70859375 0.1234375 0.15625
0 0.4140625 0.6296875 0.034375 0.046875
0 0.453125 0.62421875 0.034375 0.046875
0 0.534375 0.71796875 0.0984375 0.1015625
0 0.5796875 0.70546875 0.06875 0.0984375
0 0.4984375 0.609375 0.0375 0.059375
0 0.59609375 0.68046875 0.0515625 0.0859375
0 0.49453125 0.6671875 0.04375 0.046875
0 0.62890625 0.71875 0.0859375 0.13125
0 0.4921875 0.646875 0.0390625 0.0328125
0 0.56875 0.5515625 0.03125 0.0375