0 0.45078125 0.94453125 0.1109375 0.10546875
0 0.24375 0.93359375 0.03125 0.1109375
0 0.18125 0.94375 0.10078125 0.1109375
0 0.0328125 0.96484375 0.0578125 0.06484375
0 0.26953125 0.9125 0.01953125 0.06953125
0 0.975 0.92578125 0.0171875 0.0890625
0 0.21171875 0.9125 0.021875 0.0671875
0 0.4671875 0.9375 0.0578125 0.12265625
0 0.2796875 0.8890625 0.0171875 0.04296875
0 0.5375 0.9390625 0.06484375 0.1203125
0 0.05859375 0.94140625 0.0578125 0.115625
0 0.49375 0.90234375 0.01953125 0.0484375
0 0.146875 0.88828125 0.01171875 0.01953125