0 0.3796875 0.5421875 0.15390625 0.40390625
0 0.4109375 0.40859375 0.0578125 0.11796875
0 0.29296875 0.44921875 0.06015625 0.1734375
0 0.68046875 0.41484375 0.0578125 0.15390625
0 0.1578125 0.5453125 0.125 0.375
0 0.24765625 0.44609375 0.0984375 0.1875
0 0.084375 0.415625 0.04296875 0.1109375
0 0.03828125 0.4328125 0.03828125 0.0984375
0 0.26171875 0.43046875 0.0453125 0.13203125
0 0.46640625 0.40234375 0.04296875 0.0796875
0 0.446875 0.4046875 0.0578125 0.09375
0 0.025 0.4859375 0.05 0.23125
0 0.86171875 0.48828125 0.15625 0.33671875