0 0.23828125 0.74609375 0.01171875 0.0171875
0 0.41328125 0.7875 0.0171875 0.0484375
0 0.47578125 0.7953125 0.01171875 0.05078125
0 0.103125 0.9546875 0.0796875 0.0890625
0 0.60078125 0.79296875 0.009375 0.02421875
0 0.60546875 0.7953125 0.0046875 0.021875
0 0.62890625 0.9 0.0171875 0.06953125
0 0.75 0.87890625 0.01171875 0.02421875
0 0.6234375 0.84609375 0.0140625 0.05078125
0 0.32578125 0.77265625 0.00703125 0.01171875
0 0.33515625 0.76953125 0.01171875 0.02421875
0 0.61171875 0.91953125 0.021875 0.0625
0 0.46171875 0.7875 0.009375 0.0484375
0 0.5 0.671875 0.99765625 0.65390625