0 0.3578125 0.44140625 0.06953125 0.3171875
0 0.3296875 0.34765625 0.0453125 0.13671875
0 0.1765625 0.32578125 0.053125 0.1390625
0 0.10234375 0.32578125 0.03828125 0.10546875
0 0.0765625 0.40234375 0.06015625 0.240625
0 0.91953125 0.36875 0.09375 0.14453125
0 0.8703125 0.31953125 0.05078125 0.13671875
0 0.74375 0.30859375 0.021875 0.0625
0 0.44140625 0.36796875 0.0484375 0.17578125
0 0.2125 0.33671875 0.05078125 0.07421875
0 0.03125 0.37890625 0.06015625 0.2453125
0 0.2484375 0.32109375 0.071875 0.12734375
0 0.4984375 0.42109375 0.996875 0.3765625