0 0.215625 0.6015625 0.171875 0.36875
0 0.4765625 0.46328125 0.1015625 0.221875
0 0.65078125 0.42265625 0.096875 0.2171875
0 0.9078125 0.4609375 0.184375 0.41875
0 0.36484375 0.4859375 0.078125 0.146875
0 0.740625 0.36875 0.0484375 0.1234375
0 0.77734375 0.34921875 0.0375 0.1
0 0.76328125 0.37109375 0.0421875 0.1125
0 0.565625 0.41875 0.059375 0.15
0 0.5359375 0.42734375 0.0640625 0.15625
0 0.8421875 0.3875 0.0765625 0.1875
0 0.81015625 0.33984375 0.0375 0.109375
0 0.7125 0.340625 0.025 0.0703125
0 0.584375 0.39921875 0.053125 0.13125