0 0.13515625 0.215625 0.1765625 0.3359375
0 0.19375 0.04765625 0.046875 0.0859375
0 0.57890625 0.18828125 0.1015625 0.1046875
0 0.20390625 0.06015625 0.0265625 0.0359375
0 0.28515625 0.10078125 0.0265625 0.0390625
0 0.28828125 0.12734375 0.071875 0.0984375
0 0.8125 0.2671875 0.0375 0.0484375
0 0.22265625 0.05 0.0375 0.071875
0 0.30078125 0.07265625 0.0296875 0.04375
0 0.17265625 0.0375 0.0453125 0.075
0 0.66875 0.18203125 0.0390625 0.075
0 0.26171875 0.078125 0.0390625 0.0734375
0 0.815625 0.56796875 0.36875 0.8640625
0 0.56796875 0.21953125 0.8640625 0.4390625