0 0.7125 0.88125 0.02421875 0.07421875
0 0.49375 0.8765625 0.021875 0.08671875
0 0.3953125 0.8609375 0.0265625 0.05546875
0 0.6703125 0.90390625 0.03125 0.09609375
0 0.7359375 0.87890625 0.02421875 0.07421875
0 0.6984375 0.87734375 0.02890625 0.07421875
0 0.9421875 0.81015625 0.01953125 0.03359375
0 0.68359375 0.8609375 0.01953125 0.05546875
0 0.915625 0.84609375 0.0265625 0.06015625
0 0.9640625 0.81015625 0.01171875 0.04296875
0 0.9828125 0.8765625 0.0171875 0.08671875
0 0.78515625 0.87734375 0.03125 0.07421875
0 0.37109375 0.86171875 0.02890625 0.06015625
0 0.51171875 0.87890625 0.96875 0.10078125