0 0.621875 0.53828125 0.1671875 0.409375
0 0.5859375 0.40546875 0.0625 0.1203125
0 0.70546875 0.4421875 0.065625 0.175
0 0.31640625 0.42109375 0.0625 0.15625
0 0.84375 0.53359375 0.1375 0.3796875
0 0.75 0.4375 0.1046875 0.190625
0 0.9125 0.40078125 0.046875 0.1125
0 0.959375 0.41640625 0.0421875 0.1
0 0.7359375 0.421875 0.05 0.1328125
0 0.53046875 0.4015625 0.0453125 0.08125
0 0.55 0.403125 0.0609375 0.0953125
0 0.97265625 0.46953125 0.0546875 0.2328125
0 0.13828125 0.50078125 0.1671875 0.3421875