0 0.18359375 0.934375 0.0640625 0.13125
0 0.778125 0.85625 0.0578125 0.11875
0 0.4390625 0.859375 0.0203125 0.0734375
0 0.39921875 0.8578125 0.01875 0.059375
0 0.88828125 0.79140625 0.034375 0.0625
0 0.2953125 0.871875 0.015625 0.0546875
0 0.1375 0.940625 0.078125 0.11875
0 0.21640625 0.92265625 0.0578125 0.1546875
0 0.80546875 0.865625 0.0421875 0.0765625
0 0.8171875 0.85078125 0.0421875 0.103125
0 0.83984375 0.86953125 0.046875 0.0703125
0 0.49921875 0.84921875 0.028125 0.0765625
0 0.58359375 0.896875 0.05 0.1390625
0 0.5125 0.8671875 0.975 0.265625