0 0.70703125 0.875 0.31953125 0.22109375
0 0.39921875 0.3859375 0.196875 0.25
0 0.65 0.31640625 0.03828125 0.08671875
0 0.69921875 0.328125 0.06484375 0.15390625
0 0.49296875 0.28828125 0.0484375 0.06015625
0 0.58671875 0.32421875 0.071875 0.1421875
0 0.4171875 0.2703125 0.05078125 0.053125
0 0.03359375 0.2953125 0.0671875 0.12265625
0 0.9375 0.30546875 0.0265625 0.03125
0 0.75859375 0.296875 0.04296875 0.06015625
0 0.884375 0.30859375 0.03125 0.02890625
0 0.86328125 0.30078125 0.0265625 0.040625