0 0.665625 0.59375 0.03125 0.146875
0 0.1703125 0.69609375 0.09375 0.303125
0 0.3078125 0.7015625 0.10078125 0.28828125
0 0.7046875 0.59765625 0.03828125 0.13671875
0 0.7296875 0.6 0.0265625 0.11796875
0 0.759375 0.6 0.03125 0.11796875
0 0.91328125 0.60703125 0.02421875 0.103125
0 0.63125 0.59609375 0.03359375 0.1296875
0 0.7671875 0.58203125 0.0265625 0.10546875
0 0.4015625 0.53828125 0.01953125 0.04296875
0 0.0453125 0.33671875 0.0171875 0.0671875
0 0.2359375 0.3265625 0.0171875 0.0578125
0 0.61875 0.63671875 0.04296875 0.0578125
0 0.5171875 0.53359375 0.8484375 0.259375