0 0.66015625 0.60234375 0.0390625 0.1484375
0 0.16015625 0.67890625 0.109375 0.3078125
0 0.29765625 0.69140625 0.115625 0.29375
0 0.69921875 0.60859375 0.0453125 0.1390625
0 0.72421875 0.61171875 0.0328125 0.11875
0 0.75390625 0.61328125 0.0375 0.11875
0 0.90703125 0.628125 0.0296875 0.1046875
0 0.62578125 0.603125 0.040625 0.13125
0 0.7625 0.59609375 0.0328125 0.10625
0 0.4 0.5328125 0.021875 0.04375
0 0.0546875 0.31328125 0.0203125 0.06875
0 0.2453125 0.31328125 0.0203125 0.059375
0 0.61171875 0.64296875 0.0453125 0.059375
0 0.515625 0.534375 0.8609375 0.303125