0 0.5359375 0.4015625 0.046875 0.0703125
0 0.50390625 0.4109375 0.0265625 0.0375
0 0.48203125 0.40703125 0.0265625 0.046875
0 0.8796875 0.4109375 0.0265625 0.0453125
0 0.16796875 0.58046875 0.0390625 0.05625
0 0.4234375 0.4203125 0.0234375 0.0328125
0 0.93203125 0.3953125 0.04375 0.071875
0 0.4625 0.4234375 0.0125 0.015625
0 0.634375 0.40390625 0.0140625 0.0109375
0 0.2671875 0.38046875 0.03125 0.06875
0 0.95625 0.41015625 0.0203125 0.0390625
0 0.4734375 0.4015625 0.0125 0.0171875
0 0.3296875 0.41171875 0.01875 0.0234375