0 0.428125 0.3625 0.021875 0.05
0 0.29375 0.86796875 0.14375 0.1796875
0 0.815625 0.9546875 0.1875 0.090625
0 0.4265625 0.2015625 0.0109375 0.01875
0 0.42578125 0.28359375 0.0140625 0.025
0 0.58046875 0.26015625 0.0171875 0.03125
0 0.61484375 0.26015625 0.0125 0.01875
0 0.62890625 0.24765625 0.0140625 0.0234375
0 0.3609375 0.50625 0.11875 0.19375
0 0.68359375 0.971875 0.1046875 0.05625
0 0.74453125 0.43984375 0.021875 0.05
0 0.94453125 0.51796875 0.0453125 0.05
0 0.471875 0.94921875 0.178125 0.1015625
0 0.5078125 0.340625 0.984375 0.525