0 0.5046875 0.48671875 0.2203125 0.50625
0 0.26796875 0.40546875 0.096875 0.175
0 0.3796875 0.38984375 0.0640625 0.1234375
0 0.81015625 0.57421875 0.0546875 0.0921875
0 0.8890625 0.675 0.065625 0.1640625
0 0.1328125 0.37578125 0.0421875 0.0875
0 0.73359375 0.57109375 0.0265625 0.0703125
0 0.075 0.403125 0.0328125 0.0515625
0 0.96328125 0.6359375 0.0640625 0.178125
0 0.31640625 0.37265625 0.04375 0.103125
0 0.03046875 0.42890625 0.0609375 0.2234375
0 0.05390625 0.36171875 0.03125 0.065625
0 0.87734375 0.63203125 0.0609375 0.1640625
0 0.5 0.45078125 1 0.6828125