0 0.46796875 0.57734375 0.3375 0.6859375
0 0.6578125 0.47109375 0.1796875 0.384375
0 0.53515625 0.48046875 0.1671875 0.3890625
0 0.31796875 0.71484375 0.259375 0.43125
0 0.134375 0.6765625 0.26875 0.59375
0 0.121875 0.49375 0.2125 0.628125
0 0.821875 0.4765625 0.1140625 0.2109375
0 0.58515625 0.19453125 0.1140625 0.1203125
0 0.02890625 0.28984375 0.0578125 0.1265625
0 0.909375 0.0546875 0.0734375 0.090625
0 0.4953125 0.21171875 0.1 0.109375
0 0.3 0.2484375 0.0859375 0.1171875
0 0.93515625 0.475 0.1296875 0.26875