0 0.75703125 0.63515625 0.4171875 0.7296875
0 0.68984375 0.55859375 0.246875 0.48125
0 0.3390625 0.56640625 0.1734375 0.396875
0 0.5453125 0.634375 0.2296875 0.4390625
0 0.16796875 0.58125 0.3359375 0.69375
0 0.24453125 0.5828125 0.259375 0.5546875
0 0.43125 0.53828125 0.1453125 0.309375
0 0.51015625 0.47421875 0.1046875 0.221875
0 0.0734375 0.5625 0.146875 0.55
0 0.42421875 0.43828125 0.0609375 0.1265625
0 0.93046875 0.5875 0.0859375 0.190625
0 0.91015625 0.66015625 0.165625 0.371875
0 0.47734375 0.46953125 0.08125 0.15625
0 0.5 0.47109375 1 0.6328125