0 0.7328125 0.30390625 0.2421875 0.3203125
0 0.2671875 0.3203125 0.175 0.2671875
0 0.12109375 0.446875 0.18125 0.3234375
0 0.2515625 0.6984375 0.415625 0.603125
0 0.8234375 0.209375 0.15625 0.278125
0 0.425 0.29140625 0.165625 0.2640625
0 0.9359375 0.41796875 0.128125 0.4171875
0 0.1484375 0.1671875 0.065625 0.0875
0 0.0953125 0.57265625 0.190625 0.3921875
0 0.91640625 0.11328125 0.0796875 0.2265625
0 0.765625 0.07734375 0.0515625 0.0875
0 0.81796875 0.6328125 0.3640625 0.659375
0 0.5859375 0.28984375 0.1703125 0.246875
0 0.5 0.5 1 1