0 0.86796875 0.61796875 0.18515625 0.76171875
0 0.92890625 0.384375 0.06953125 0.25
0 0.79453125 0.4375 0.03359375 0.134375
0 0.66796875 0.51328125 0.13203125 0.5171875
0 0.54296875 0.4859375 0.14921875 0.48046875
0 0.12734375 0.7203125 0.2546875 0.55546875
0 0.115625 0.38125 0.0765625 0.18046875
0 0.203125 0.36328125 0.03828125 0.125
0 0.38203125 0.58203125 0.21640625 0.790625
0 0.275 0.44140625 0.09375 0.3609375
0 0.63203125 0.31640625 0.03359375 0.0984375
0 0.5765625 0.290625 0.02890625 0.05078125