0 0.94140625 0.16796875 0.0578125 0.26953125
0 0.87109375 0.14453125 0.05078125 0.2546875
0 0.8078125 0.06953125 0.0625 0.103125
0 0.7703125 0.08984375 0.071875 0.10078125
0 0.34765625 0.115625 0.0359375 0.1515625
0 0.975 0.18046875 0.04296875 0.26953125
0 0.30390625 0.06015625 0.02421875 0.06953125
0 0.71484375 0.09609375 0.03828125 0.16796875
0 0.32578125 0.0640625 0.0171875 0.0578125
0 0.240625 0.06875 0.021875 0.0625
0 0.540625 0.0578125 0.0453125 0.0796875
0 0.4578125 0.0640625 0.03828125 0.0765625