0 0.0375 0.74765625 0.07421875 0.3609375
0 0.43125 0.70703125 0.10078125 0.23828125
0 0.375 0.70078125 0.0625 0.25
0 0.95703125 0.6765625 0.053125 0.1421875
0 0.7859375 0.65859375 0.0578125 0.12265625
0 0.1734375 0.74296875 0.14453125 0.31484375
0 0.446875 0.615625 0.03359375 0.09375
0 0.46484375 0.6140625 0.03359375 0.0984375
0 0.74140625 0.68359375 0.07421875 0.16796875
0 0.8296875 0.6625 0.0453125 0.12734375
0 0.68046875 0.6578125 0.03828125 0.14453125
0 0.9859375 0.62734375 0.0171875 0.0484375
0 0.85078125 0.66484375 0.0453125 0.11796875
0 0.390625 0.696875 0.6734375 0.25