0 0.8515625 0.7859375 0.025 0.0703125
0 0.72265625 0.7796875 0.0296875 0.096875
0 0.74609375 0.76171875 0.0203125 0.065625
0 0.80546875 0.78984375 0.0328125 0.121875
0 0.90234375 0.759375 0.0265625 0.0359375
0 0.78671875 0.79375 0.0265625 0.109375
0 0.7625 0.78359375 0.03125 0.10625
0 0.73671875 0.77421875 0.028125 0.1015625
0 0.703125 0.77109375 0.034375 0.1125
0 0.584375 0.74921875 0.0234375 0.06875
0 0.5765625 0.74921875 0.0125 0.03125
0 0.04609375 0.50546875 0.0296875 0.040625
0 0.42265625 0.76953125 0.0671875 0.1078125
0 0.76484375 0.77890625 0.3453125 0.1484375