0 0.271875 0.4703125 0.1609375 0.5265625
0 0.6234375 0.4671875 0.303125 0.43046875
0 0.92578125 0.803125 0.146875 0.365625
0 0.2125 0.58046875 0.09140625 0.39921875
0 0.08046875 0.93125 0.03125 0.10078125
0 0.0625 0.94921875 0.0359375 0.09609375
0 0.9125 0.6390625 0.084375 0.20703125
0 0.984375 0.56953125 0.02890625 0.115625
0 0.1109375 0.94375 0.0453125 0.103125
0 0.02421875 0.9421875 0.0484375 0.1109375
0 0.046875 0.92578125 0.01953125 0.0796875
0 0.0890625 0.91015625 0.01953125 0.03125
0 0.025 0.8890625 0.01953125 0.02890625