0 0.634375 0.66171875 0.184375 0.415625
0 0.8109375 0.4640625 0.1765625 0.3296875
0 0.5796875 0.325 0.1109375 0.315625
0 0.23046875 0.5640625 0.20625 0.5
0 0.2703125 0.328125 0.1296875 0.221875
0 0.39296875 0.35234375 0.1578125 0.209375
0 0.5125 0.3953125 0.115625 0.2171875
0 0.1421875 0.50625 0.23125 0.534375
0 0.4328125 0.1984375 0.10625 0.24375
0 0.3859375 0.196875 0.0734375 0.1546875
0 0.5578125 0.28125 0.0359375 0.0953125
0 0.46796875 0.275 0.0640625 0.0984375
0 0.15234375 0.28828125 0.0796875 0.1234375