0 0.35078125 0.54296875 0.0453125 0.18046875
0 0.446875 0.53828125 0.06015625 0.18046875
0 0.27265625 0.740625 0.10546875 0.509375
0 0.2390625 0.7640625 0.09375 0.46640625
0 0.19375 0.7390625 0.16328125 0.48828125
0 0.584375 0.50703125 0.03359375 0.12734375
0 0.7796875 0.5625 0.14453125 0.28125
0 0.834375 0.4796875 0.053125 0.0984375
0 0.8890625 0.5625 0.09609375 0.271875
0 0.3859375 0.51796875 0.04296875 0.125
0 0.65625 0.63828125 0.14453125 0.46875
0 0.9703125 0.55546875 0.03828125 0.259375
0 0.72265625 0.4671875 0.021875 0.053125
0 0.48828125 0.546875 0.43515625 0.1828125