0 0.6109375 0.5453125 0.0625 0.078125
0 0.4640625 0.25546875 0.0453125 0.0609375
0 0.38828125 0.25859375 0.0359375 0.05
0 0.02421875 0.42890625 0.0375 0.0921875
0 0.6625 0.2421875 0.059375 0.084375
0 0.76953125 0.31484375 0.0828125 0.0640625
0 0.78828125 0.321875 0.0671875 0.0796875
0 0.290625 0.26328125 0.028125 0.0328125
0 0.265625 0.25546875 0.0265625 0.04375
0 0.43125 0.2609375 0.040625 0.0546875
0 0.70859375 0.56015625 0.0640625 0.0828125
0 0.03828125 0.42421875 0.028125 0.06875
0 0.0140625 0.41328125 0.025 0.05
0 0.46640625 0.26953125 0.546875 0.2578125