0 0.6515625 0.60078125 0.0578125 0.16328125
0 0.62734375 0.5140625 0.053125 0.07421875
0 0.32421875 0.4203125 0.021875 0.07421875
0 0.5828125 0.515625 0.03828125 0.07421875
0 0.6078125 0.62890625 0.03359375 0.11796875
0 0.6 0.415625 0.021875 0.09375
0 0.5828125 0.65390625 0.03359375 0.06484375
0 0.64453125 0.39296875 0.01171875 0.0359375
0 0.5453125 0.5671875 0.03125 0.084375
0 0.55625 0.6578125 0.03359375 0.06015625
0 0.6875 0.41796875 0.02890625 0.0890625
0 0.50390625 0.61640625 0.05546875 0.14453125
0 0.61875 0.5796875 0.03125 0.0984375
0 0.4703125 0.5296875 0.4421875 0.3390625