0 0.775 0.49375 0.35546875 0.9828125
0 0.29296875 0.46171875 0.3171875 0.69921875
0 0.38671875 0.334375 0.196875 0.66796875
0 0.921875 0.14296875 0.103125 0.2859375
0 0.8484375 0.0515625 0.053125 0.103125
0 0.78359375 0.04453125 0.08671875 0.0890625
0 0.1296875 0.0484375 0.05078125 0.09609375
0 0.16796875 0.11328125 0.084375 0.22578125
0 0.06328125 0.134375 0.1265625 0.26875
0 0.22265625 0.03984375 0.08671875 0.0796875
0 0.0734375 0.39453125 0.146875 0.26953125
0 0.02421875 0.07421875 0.0484375 0.1484375