0 0.65390625 0.7734375 0.1390625 0.409375
0 0.31953125 0.75234375 0.1203125 0.4953125
0 0.6 0.6625 0.2375 0.34375
0 0.765625 0.6640625 0.09375 0.2734375
0 0.7171875 0.64296875 0.084375 0.2875
0 0.246875 0.78671875 0.159375 0.4265625
0 0.4671875 0.68984375 0.096875 0.296875
0 0.86796875 0.6265625 0.1109375 0.1921875
0 0.9484375 0.62890625 0.090625 0.1671875
0 0.46640625 0.53125 0.10625 0.2765625
0 0.41796875 0.61015625 0.021875 0.0375
0 0.1203125 0.71796875 0.215625 0.5640625
0 0.38671875 0.75234375 0.115625 0.4703125
0 0.61171875 0.61484375 0.2015625 0.284375