0 0.22578125 0.51796875 0.0140625 0.0625
0 0.19375 0.53359375 0.01953125 0.0578125
0 0.34765625 0.4953125 0.01953125 0.06015625
0 0.44453125 0.53125 0.01171875 0.01953125
0 0.60546875 0.5015625 0.0046875 0.0140625
0 0.58984375 0.5 0.00703125 0.0171875
0 0.3703125 0.509375 0.01953125 0.0765625
0 0.4625 0.53984375 0.01171875 0.021875
0 0.3109375 0.52890625 0.021875 0.02890625
0 0.25390625 0.5203125 0.0171875 0.01953125
0 0.7828125 0.7171875 0.084375 0.56015625
0 0.209375 0.5015625 0.009375 0.02421875
0 0.2796875 0.521875 0.03359375 0.03828125
0 0.40390625 0.52265625 0.56484375 0.06015625