0 0.80546875 0.05859375 0.0359375 0.0796875
0 0.76171875 0.05546875 0.01953125 0.05546875
0 0.0578125 0.06953125 0.02421875 0.0796875
0 0.10078125 0.04921875 0.021875 0.0453125
0 0.02890625 0.26328125 0.0578125 0.1609375
0 0.9328125 0.0609375 0.0265625 0.1078125
0 0.0109375 0.07421875 0.021875 0.09140625
0 0.084375 0.05625 0.01953125 0.0578125
0 0.6109375 0.053125 0.021875 0.05078125
0 0.0265625 0.0734375 0.03125 0.08671875
0 0.775 0.05390625 0.009375 0.053125
0 0.88671875 0.05859375 0.01171875 0.0484375
0 0.55390625 0.05625 0.05546875 0.084375
0 0.51796875 0.14765625 0.9640625 0.2953125