0 0.2953125 0.45703125 0.15390625 0.40859375
0 0.5 0.34765625 0.1296875 0.178125
0 0.7453125 0.4578125 0.11328125 0.2765625
0 0.6703125 0.49296875 0.03125 0.14921875
0 0.61796875 0.46015625 0.03359375 0.18046875
0 0.70703125 0.428125 0.05546875 0.0625
0 0.71640625 0.5 0.03828125 0.15390625
0 0.66328125 0.428125 0.03125 0.09375
0 0.58984375 0.45546875 0.03359375 0.1734375
0 0.69453125 0.4734375 0.03828125 0.2015625
0 0.63203125 0.45703125 0.0484375 0.2015625
0 0.94140625 0.490625 0.03359375 0.303125
0 0.959375 0.50625 0.0625 0.30078125
0 0.5515625 0.509375 0.834375 0.30546875