0 0.2609375 0.80625 0.190625 0.2
0 0.72578125 0.67578125 0.0921875 0.06875
0 0.44453125 0.628125 0.13125 0.140625
0 0.490625 0.56796875 0.1 0.1234375
0 0.53125 0.465625 0.1109375 0.1140625
0 0.575 0.3859375 0.0796875 0.090625
0 0.58046875 0.32421875 0.059375 0.04375
0 0.31328125 0.3984375 0.0546875 0.0421875
0 0.21640625 0.4640625 0.1 0.0609375
0 0.75 0.45234375 0.0265625 0.0203125
0 0.0765625 0.7140625 0.153125 0.16875
0 0.71953125 0.74453125 0.1390625 0.1578125
0 0.615625 0.79140625 0.1703125 0.1796875
0 0.59140625 0.41328125 0.74375 0.4578125