0 0.1875 0.67421875 0.18125 0.353125
0 0.06875 0.540625 0.1375 0.409375
0 0.5953125 0.6140625 0.0125 0.0234375
0 0.6859375 0.6375 0.0171875 0.03125
0 0.70859375 0.65859375 0.025 0.0453125
0 0.4640625 0.59140625 0.034375 0.071875
0 0.54453125 0.61484375 0.034375 0.071875
0 0.21484375 0.521875 0.0328125 0.05625
0 0.19375 0.525 0.034375 0.071875
0 0.5140625 0.6390625 0.05625 0.0609375
0 0.5859375 0.61953125 0.0390625 0.0875
0 0.61640625 0.6390625 0.01875 0.04375
0 0.80546875 0.69453125 0.034375 0.071875
0 0.49921875 0.609375 0.8484375 0.2828125