0 0.36015625 0.346875 0.21875 0.3125
0 0.77265625 0.53671875 0.3359375 0.4828125
0 0.7328125 0.33125 0.178125 0.2234375
0 0.66796875 0.2140625 0.1875 0.2390625
0 0.9125 0.31171875 0.1171875 0.2359375
0 0.23203125 0.55078125 0.4640625 0.6234375
0 0.4109375 0.1484375 0.171875 0.296875
0 0.14609375 0.15 0.1296875 0.3
0 0.70390625 0.2828125 0.1109375 0.20625
0 0.73984375 0.72890625 0.5203125 0.5421875
0 0.92578125 0.37578125 0.1484375 0.3671875
0 0.2265625 0.08671875 0.096875 0.1734375
0 0.190625 0.10078125 0.11875 0.2015625
0 0.5 0.48515625 1 0.9703125