0 0.2609375 0.55859375 0.03125 0.23828125
0 0.35546875 0.61328125 0.0625 0.30546875
0 0.5375 0.62109375 0.03359375 0.14921875
0 0.6890625 0.6578125 0.08203125 0.30078125
0 0.7515625 0.665625 0.053125 0.19921875
0 0.96171875 0.7234375 0.07421875 0.29296875
0 0.85078125 0.540625 0.01171875 0.0671875
0 0.3140625 0.5796875 0.03359375 0.23828125
0 0.4828125 0.66484375 0.040625 0.19453125
0 0.803125 0.5328125 0.00703125 0.06484375
0 0.16328125 0.59375 0.06484375 0.24296875
0 0.08984375 0.49140625 0.00703125 0.02890625
0 0.584375 0.5640625 0.78828125 0.47578125