0 0.92578125 0.31953125 0.09609375 0.321875
0 0.91328125 0.1421875 0.0265625 0.08203125
0 0.5046875 0.17890625 0.08203125 0.08671875
0 0.9 0.1515625 0.01953125 0.03125
0 0.8109375 0.1703125 0.0171875 0.0359375
0 0.80078125 0.19453125 0.05078125 0.0890625
0 0.25859375 0.19453125 0.0265625 0.04296875
0 0.884375 0.13671875 0.01953125 0.06953125
0 0.803125 0.1390625 0.01953125 0.040625
0 0.9359375 0.134375 0.0265625 0.0765625
0 0.41953125 0.14921875 0.021875 0.071875
0 0.8390625 0.15390625 0.021875 0.06953125
0 0.15 0.5109375 0.178125 0.91328125
0 0.47265625 0.19609375 0.9109375 0.2234375