0 0.425 0.61171875 0.2609375 0.6859375
0 0.1578125 0.34296875 0.0515625 0.1078125
0 0.20234375 0.35078125 0.0546875 0.1375
0 0.0625 0.390625 0.1203125 0.2421875
0 0.028125 0.35078125 0.05625 0.1734375
0 0.63359375 0.340625 0.0625 0.1109375
0 0.23125 0.3546875 0.0328125 0.0859375
0 0.7359375 0.33125 0.140625 0.1546875
0 0.5625 0.3359375 0.05 0.09375
0 0.51796875 0.321875 0.046875 0.05625
0 0.7015625 0.31796875 0.053125 0.084375
0 0.6640625 0.30078125 0.034375 0.0609375
0 0.45625 0.5125 0.175 0.5546875
0 0.81875 0.35 0.3625 0.7