0 0.6765625 0.59921875 0.215625 0.490625
0 0.41484375 0.57734375 0.1921875 0.51875
0 0.09453125 0.5578125 0.1890625 0.509375
0 0.2953125 0.559375 0.2203125 0.4921875
0 0.37109375 0.54375 0.1140625 0.38125
0 0.5015625 0.57578125 0.203125 0.4640625
0 0.53984375 0.63125 0.1375 0.371875
0 0.59609375 0.625 0.165625 0.4765625
0 0.60078125 0.4125 0.090625 0.1265625
0 0.91484375 0.7171875 0.1703125 0.565625
0 0.7859375 0.653125 0.2109375 0.5359375
0 0.8859375 0.61875 0.159375 0.2828125
0 0.18828125 0.51484375 0.246875 0.53125
0 0.47578125 0.5359375 0.88125 0.715625