0 0.64453125 0.81640625 0.03828125 0.1078125
0 0.94453125 0.8078125 0.06953125 0.16328125
0 0.56015625 0.8171875 0.06015625 0.103125
0 0.62109375 0.8140625 0.03125 0.115625
0 0.74375 0.8125 0.0671875 0.115625
0 0.41328125 0.84765625 0.0359375 0.04296875
0 0.01953125 0.86875 0.03828125 0.0890625
0 0.80546875 0.834375 0.0796875 0.0671875
0 0.63125 0.77265625 0.01171875 0.0171875
0 0.59375 0.8234375 0.04296875 0.09375
0 0.40859375 0.81640625 0.03125 0.06953125
0 0.8375 0.8140625 0.021875 0.03359375