0 0.24296875 0.75078125 0.0125 0.0171875
0 0.41796875 0.7890625 0.01875 0.0484375
0 0.48125 0.7953125 0.0125 0.0515625
0 0.1109375 0.9578125 0.08125 0.084375
0 0.60625 0.79140625 0.009375 0.025
0 0.6109375 0.79375 0.0046875 0.021875
0 0.6359375 0.89765625 0.01875 0.0703125
0 0.75625 0.87421875 0.0125 0.025
0 0.6296875 0.84375 0.015625 0.0515625
0 0.33046875 0.77578125 0.0078125 0.0125
0 0.33984375 0.77265625 0.0125 0.025
0 0.61875 0.9171875 0.0234375 0.0625
0 0.46640625 0.78828125 0.0109375 0.0484375
0 0.5 0.66796875 1 0.6640625