0 0.7703125 0.59296875 0.240625 0.55625
0 0.28671875 0.6359375 0.4578125 0.6390625
0 0.59765625 0.48125 0.1109375 0.28125
0 0.25078125 0.3640625 0.04375 0.1140625
0 0.1375 0.34609375 0.04375 0.1140625
0 0.08359375 0.340625 0.109375 0.2015625
0 0.15078125 0.3765625 0.0296875 0.08125
0 0.52265625 0.40234375 0.0890625 0.1859375
0 0.453125 0.38671875 0.071875 0.1546875
0 0.18828125 0.36015625 0.0375 0.103125
0 0.23125 0.35859375 0.05 0.153125
0 0.8734375 0.45546875 0.06875 0.1375
0 0.5 0.41015625 0.0359375 0.1078125
0 0.57734375 0.41875 0.784375 0.3046875