0 0.4375 0.49375 0.1609375 0.490625
0 0.16328125 0.5375 0.125 0.240625
0 0.11640625 0.4109375 0.0625 0.2046875
0 0.93046875 0.5484375 0.09375 0.134375
0 0.83984375 0.459375 0.06953125 0.196875
0 0.8890625 0.44140625 0.02890625 0.15625
0 0.6984375 0.51953125 0.16328125 0.58203125
0 0.0328125 0.39921875 0.06015625 0.16328125
0 0.21875 0.50703125 0.12265625 0.1921875
0 0.25703125 0.4046875 0.06953125 0.15625
0 0.1984375 0.3734375 0.06015625 0.11796875
0 0.1578125 0.3734375 0.04296875 0.10546875
0 0.07109375 0.415625 0.0453125 0.20703125
0 0.4984375 0.37421875 0.996875 0.6296875