0 0.6578125 0.496875 0.684375 0.63125
0 0.37890625 0.33828125 0.1046875 0.159375
0 0.56953125 0.23515625 0.1015625 0.2546875
0 0.1546875 0.19765625 0.025 0.05
0 0.10234375 0.1921875 0.0234375 0.0546875
0 0.1765625 0.2890625 0.1203125 0.225
0 0.93046875 0.1921875 0.115625 0.2515625
0 0.2640625 0.38515625 0.1203125 0.1953125
0 0.62890625 0.19140625 0.0375 0.059375
0 0.31328125 0.209375 0.09375 0.1734375
0 0.2609375 0.2171875 0.05 0.171875
0 0.7671875 0.2328125 0.053125 0.10625
0 0.80546875 0.14375 0.0390625 0.115625
0 0.4609375 0.21953125 0.921875 0.3453125