0 0.359375 0.54765625 0.415625 0.9046875
0 0.50625 0.15703125 0.1453125 0.2015625
0 0.40390625 0.16171875 0.1375 0.18125
0 0.76328125 0.44140625 0.3421875 0.6609375
0 0.63671875 0.41953125 0.3921875 0.6734375
0 0.2140625 0.12734375 0.121875 0.1734375
0 0.91171875 0.18515625 0.11875 0.275
0 0.0640625 0.259375 0.125 0.365625
0 0.3421875 0.11953125 0.0578125 0.1125
0 0.55546875 0.0875 0.0828125 0.1140625
0 0.29375 0.12890625 0.1046875 0.2015625
0 0.14609375 0.284375 0.2046875 0.4578125
0 0.8203125 0.2453125 0.271875 0.3453125