0 0.76796875 0.78359375 0.2 0.36875
0 0.95 0.7390625 0.1 0.375
0 0.60546875 0.72734375 0.078125 0.15625
0 0.11015625 0.8984375 0.1359375 0.203125
0 0.90625 0.7921875 0.1765625 0.3078125
0 0.259375 0.86953125 0.215625 0.2609375
0 0.6484375 0.9 0.0578125 0.071875
0 0.31640625 0.8828125 0.1640625 0.234375
0 0.4046875 0.91328125 0.109375 0.1734375
0 0.52578125 0.72109375 0.04375 0.05625
0 0.69375 0.84765625 0.125 0.2578125
0 0.5875 0.940625 0.225 0.11875
0 0.48984375 0.8921875 0.1234375 0.215625
0 0.4609375 0.8109375 0.85625 0.378125