0 0.52734375 0.5734375 0.7359375 0.83203125
0 0.8421875 0.45546875 0.0578125 0.115625
0 0.171875 0.5375 0.1109375 0.1828125
0 0.06640625 0.59375 0.1203125 0.14453125
0 0.24609375 0.5046875 0.05546875 0.06953125
0 0.115625 0.5421875 0.084375 0.1109375
0 0.95546875 0.5171875 0.08671875 0.32421875
0 0.37109375 0.48828125 0.053125 0.0453125
0 0.37890625 0.53828125 0.04296875 0.0796875
0 0.2640625 0.56953125 0.0671875 0.08203125
0 0.275 0.521875 0.09375 0.0890625
0 0.29296875 0.50390625 0.0484375 0.06953125
0 0.3375 0.56640625 0.0984375 0.11796875