0 0.54921875 0.546875 0.021875 0.0796875
0 0.57890625 0.55 0.0171875 0.075
0 0.07734375 0.50546875 0.040625 0.1171875
0 0.50078125 0.5484375 0.01875 0.0609375
0 0.5125 0.54609375 0.0234375 0.065625
0 0.44765625 0.54765625 0.0140625 0.0703125
0 0.559375 0.5453125 0.0140625 0.0703125
0 0.4046875 0.55234375 0.0109375 0.0609375
0 0.7609375 0.39609375 0.0125 0.0203125
0 0.8078125 0.384375 0.0140625 0.021875
0 0.92265625 0.37265625 0.0203125 0.0296875
0 0.8625 0.521875 0.028125 0.04375
0 0.17421875 0.5328125 0.0265625 0.065625
0 0.14765625 0.53203125 0.03125 0.0546875