0 0.7984375 0.5453125 0.10546875 0.35546875
0 0.515625 0.459375 0.0625 0.2140625
0 0.3375 0.453125 0.0578125 0.209375
0 0.084375 0.5421875 0.125 0.4015625
0 0.6296875 0.46015625 0.053125 0.1390625
0 0.2390625 0.4171875 0.0265625 0.1203125
0 0.19921875 0.4046875 0.01953125 0.0984375
0 0.2171875 0.4234375 0.021875 0.1109375
0 0.4203125 0.4328125 0.03125 0.146875
0 0.45078125 0.43515625 0.0359375 0.1515625
0 0.14296875 0.4546875 0.04296875 0.1828125
0 0.16484375 0.40234375 0.0171875 0.1078125
0 0.2609375 0.384375 0.01171875 0.06953125
0 0.39765625 0.4171875 0.02890625 0.12734375