0 0.21875 0.54921875 0.15859375 0.53828125
0 0.6890625 0.66796875 0.3703125 0.5890625
0 0.40625 0.46640625 0.06953125 0.27421875
0 0.7671875 0.4046875 0.0265625 0.1109375
0 0.88203125 0.4046875 0.0265625 0.1109375
0 0.9359375 0.4078125 0.0796875 0.1921875
0 0.8640625 0.4328125 0.0171875 0.0796875
0 0.49296875 0.4 0.0625 0.178125
0 0.5640625 0.3953125 0.0484375 0.14921875
0 0.8296875 0.4109375 0.021875 0.10078125
0 0.7875 0.40234375 0.0265625 0.1515625
0 0.13828125 0.39765625 0.0484375 0.13203125
0 0.5140625 0.4109375 0.01953125 0.10546875
0 0.4359375 0.4078125 0.7640625 0.1875