0 0.77734375 0.71171875 0.4328125 0.55078125
0 0.8109375 0.09375 0.0171875 0.0265625
0 0.4234375 0.5140625 0.459375 0.92578125
0 0.5328125 0.5796875 0.08203125 0.384375
0 0.15 0.6140625 0.0890625 0.44921875
0 0.06953125 0.58671875 0.09609375 0.3703125
0 0.0640625 0.31484375 0.0484375 0.1109375
0 0.2171875 0.16484375 0.05546875 0.1109375
0 0.775 0.0921875 0.03359375 0.0625
0 0.634375 0.55859375 0.07421875 0.1875
0 0.303125 0.56640625 0.08203125 0.12265625
0 0.584375 0.634375 0.06015625 0.3171875
0 0.4984375 0.46484375 0.996875 0.8296875