0 0.6578125 0.6390625 0.12265625 0.4015625
0 0.8015625 0.415625 0.1296875 0.3125
0 0.5515625 0.31484375 0.0625 0.31015625
0 0.24375 0.60546875 0.13203125 0.4859375
0 0.24609375 0.36640625 0.0984375 0.209375
0 0.37109375 0.37109375 0.1296875 0.1921875
0 0.49609375 0.39453125 0.084375 0.20703125
0 0.14765625 0.5625 0.1515625 0.5171875
0 0.38671875 0.2125 0.06953125 0.2359375
0 0.33984375 0.21875 0.05078125 0.14921875
0 0.52265625 0.275 0.021875 0.09375
0 0.4328125 0.2828125 0.05078125 0.09140625
0 0.1234375 0.3453125 0.0625 0.115625