0 0.34921875 0.61171875 0.0390625 0.0984375
0 0.3703125 0.6140625 0.0421875 0.0984375
0 0.446875 0.61953125 0.0546875 0.115625
0 0.39609375 0.61640625 0.05 0.103125
0 0.62578125 0.63828125 0.0328125 0.08125
0 0.609375 0.6390625 0.0375 0.084375
0 0.659375 0.6421875 0.0359375 0.0765625
0 0.9078125 0.68671875 0.046875 0.0859375
0 0.68046875 0.646875 0.0296875 0.071875
0 0.95546875 0.6859375 0.034375 0.09375
0 0.925 0.6890625 0.034375 0.078125
0 0.93203125 0.68671875 0.034375 0.0703125
0 0.25625 0.60078125 0.04375 0.0953125
0 0.31171875 0.603125 0.278125 0.1609375