0 0.63203125 0.58671875 0.1140625 0.4
0 0.1921875 0.2515625 0.0359375 0.0640625
0 0.04921875 0.23046875 0.040625 0.059375
0 0.3875 0.2828125 0.028125 0.0609375
0 0.7765625 0.2484375 0.0765625 0.0875
0 0.9140625 0.23125 0.05625 0.084375
0 0.95 0.2328125 0.040625 0.0875
0 0.375 0.12265625 0.0671875 0.0765625
0 0.284375 0.26328125 0.0421875 0.0609375
0 0.1203125 0.24609375 0.0375 0.0515625
0 0.06015625 0.13359375 0.04375 0.075
0 0.83046875 0.29453125 0.034375 0.046875
0 0.496875 0.18125 0.99375 0.3625