0 0.7515625 0.3375 0.02890625 0.11328125
0 0.8703125 0.30390625 0.01171875 0.053125
0 0.89921875 0.33671875 0.04296875 0.10078125
0 0.94140625 0.36796875 0.06484375 0.14453125
0 0.78515625 0.32109375 0.03125 0.08671875
0 0.703125 0.31875 0.03125 0.1203125
0 0.55546875 0.28984375 0.01953125 0.071875
0 0.80078125 0.3078125 0.01953125 0.06015625
0 0.66015625 0.30078125 0.02421875 0.0890625
0 0.5265625 0.28828125 0.021875 0.084375
0 0.9671875 0.33046875 0.02421875 0.06015625
0 0.7640625 0.2828125 0.00703125 0.0265625
0 0.84765625 0.303125 0.01953125 0.06015625
0 0.67578125 0.303125 0.35546875 0.1515625