0 0.78125 0.2203125 0.01953125 0.07421875
0 0.56875 0.4828125 0.20703125 0.86796875
0 0.5203125 0.3375 0.165625 0.6296875
0 0.2765625 0.23046875 0.0359375 0.053125
0 0.87109375 0.2078125 0.02890625 0.05546875
0 0.85 0.21171875 0.0265625 0.06015625
0 0.95078125 0.2140625 0.021875 0.0578125
0 0.80546875 0.203125 0.0140625 0.04296875
0 0.76953125 0.22734375 0.0171875 0.0453125
0 0.8265625 0.21875 0.0265625 0.0671875
0 0.75390625 0.2203125 0.0140625 0.06015625
0 0.6578125 0.46171875 0.1390625 0.64453125
0 0.8921875 0.2140625 0.0171875 0.03125
0 0.740625 0.21875 0.01953125 0.05078125