0 0.72578125 0.4546875 0.196875 0.5359375
0 0.37421875 0.47578125 0.3328125 0.45
0 0.0953125 0.821875 0.171875 0.35625
0 0.7921875 0.56015625 0.11875 0.4046875
0 0.9484375 0.90078125 0.0375 0.103125
0 0.96796875 0.91796875 0.0421875 0.0984375
0 0.0984375 0.6671875 0.0984375 0.2125
0 0.021875 0.603125 0.0375 0.1171875
0 0.91875 0.915625 0.053125 0.10625
0 0.98828125 0.90703125 0.0234375 0.1140625
0 0.98203125 0.89296875 0.025 0.08125
0 0.93828125 0.88046875 0.021875 0.0328125
0 0.99453125 0.85390625 0.0109375 0.0296875