0 0.7453125 0.5203125 0.06875 0.240625
0 0.66015625 0.5890625 0.109375 0.3109375
0 0.48203125 0.62578125 0.05625 0.153125
0 0.33828125 0.68515625 0.128125 0.309375
0 0.27734375 0.703125 0.084375 0.2046875
0 0.07890625 0.79296875 0.11875 0.3015625
0 0.16015625 0.5953125 0.021875 0.06875
0 0.69609375 0.55 0.0703125 0.240625
0 0.54296875 0.66015625 0.0703125 0.1984375
0 0.20546875 0.5796875 0.0171875 0.065625
0 0.846875 0.53984375 0.1015625 0.25
0 0.90390625 0.42734375 0.0109375 0.0296875
0 0.4265625 0.5765625 0.853125 0.59375