0 0.35 0.53984375 0.2453125 0.915625
0 0.571875 0.16484375 0.11328125 0.1828125
0 0.4703125 0.14921875 0.1078125 0.16328125
0 0.76953125 0.49296875 0.22578125 0.6296875
0 0.65 0.446875 0.2765625 0.63203125
0 0.290625 0.0796875 0.09375 0.15859375
0 0.9640625 0.26953125 0.06953125 0.2671875
0 0.11796875 0.18046875 0.0578125 0.3609375
0 0.41796875 0.09609375 0.03828125 0.1078125
0 0.63359375 0.10546875 0.06484375 0.103125
0 0.36875 0.09609375 0.06953125 0.1921875
0 0.19375 0.22109375 0.12265625 0.4421875
0 0.86328125 0.3109375 0.21640625 0.31015625