0 0.29921875 0.50703125 0.040625 0.125
0 0.48984375 0.5546875 0.0484375 0.1171875
0 0.42421875 0.5375 0.0390625 0.1125
0 0.459375 0.51875 0.0203125 0.05625
0 0.5015625 0.49765625 0.0234375 0.0609375
0 0.6515625 0.55703125 0.06875 0.1078125
0 0.8734375 0.6265625 0.0453125 0.125
0 0.5640625 0.503125 0.0265625 0.0484375
0 0.9109375 0.640625 0.0390625 0.1171875
0 0.284375 0.50390625 0.0359375 0.1078125
0 0.31171875 0.4484375 0.01875 0.0375
0 0.45703125 0.459375 0.0203125 0.0546875
0 0.57734375 0.534375 0.0328125 0.1
0 0.3453125 0.46875 0.375 0.175