0 0.69921875 0.15703125 0.0375 0.0765625
0 0.56171875 0.465625 0.425 0.8921875
0 0.47734375 0.3375 0.3234375 0.6515625
0 0.2140625 0.29765625 0.0484375 0.0609375
0 0.7828125 0.121875 0.0421875 0.0609375
0 0.76328125 0.13125 0.040625 0.065625
0 0.86171875 0.10703125 0.0359375 0.0609375
0 0.71796875 0.134375 0.025 0.0453125
0 0.68984375 0.1671875 0.028125 0.0484375
0 0.74296875 0.14375 0.04375 0.071875
0 0.67265625 0.1640625 0.0296875 0.0625
0 0.6421875 0.421875 0.3015625 0.6578125
0 0.8046875 0.12265625 0.025 0.034375
0 0.659375 0.16640625 0.03125 0.0546875