0 0.7515625 0.45234375 0.1890625 0.5984375
0 0.321875 0.396875 0.35 0.79375
0 0.8359375 0.396875 0.06875 0.2234375
0 0.91875 0.38984375 0.0546875 0.1828125
0 0.94765625 0.321875 0.1046875 0.334375
0 0.6359375 0.46171875 0.0671875 0.196875
0 0.2109375 0.73125 0.0421875 0.134375
0 0.1671875 0.75078125 0.05 0.134375
0 0.01796875 0.84609375 0.0359375 0.0546875
0 0.9890625 0.3265625 0.021875 0.14375
0 0.87265625 0.421875 0.04375 0.1515625
0 0.30859375 0.6546875 0.0640625 0.2140625
0 0.06796875 0.82421875 0.028125 0.0421875
0 0.3265625 0.4296875 0.646875 0.859375