0 0.125 0.75390625 0.01953125 0.06953125
0 0.25390625 0.759375 0.021875 0.09609375
0 0.23203125 0.7390625 0.0140625 0.06484375
0 0.1703125 0.76171875 0.021875 0.1203125
0 0.0765625 0.7234375 0.02421875 0.03359375
0 0.1890625 0.76796875 0.0171875 0.1078125
0 0.2140625 0.759375 0.021875 0.10546875
0 0.240625 0.75234375 0.01953125 0.10078125
0 0.27421875 0.75234375 0.02421875 0.1109375
0 0.39453125 0.740625 0.0171875 0.0671875
0 0.40234375 0.74140625 0.009375 0.03125
0 0.9515625 0.5453125 0.0265625 0.03828125
0 0.55390625 0.775 0.0578125 0.103125
0 0.21171875 0.7546875 0.33671875 0.1203125