0 0.58984375 0.8796875 0.0234375 0.0296875
0 0.17421875 0.775 0.0390625 0.0578125
0 0.4515625 0.72578125 0.021875 0.040625
0 0.5875 0.73125 0.0171875 0.034375
0 0.775 0.93203125 0.0390625 0.0703125
0 0.38671875 0.85390625 0.0390625 0.0578125
0 0.0125 0.71015625 0.025 0.0421875
0 0.4359375 0.725 0.01875 0.0390625
0 0.40625 0.84453125 0.040625 0.0546875
0 0.43671875 0.8671875 0.0515625 0.065625
0 0.73359375 0.928125 0.0296875 0.053125
0 0.85 0.94453125 0.0265625 0.0265625
0 0.44296875 0.72265625 0.01875 0.0453125
0 0.615625 0.8015625 0.1984375 0.19375