0 0.30546875 0.79296875 0.0609375 0.1390625
0 0.42734375 0.81015625 0.0765625 0.1
0 0.75859375 0.81796875 0.1109375 0.175
0 0.9828125 0.74140625 0.034375 0.2578125
0 0.5078125 0.7875 0.0453125 0.125
0 0.8015625 0.64609375 0.0171875 0.0546875
0 0.74609375 0.6546875 0.025 0.0578125
0 0.653125 0.67734375 0.025 0.053125
0 0.28125 0.740625 0.0140625 0.0484375
0 0.93671875 0.6140625 0.01875 0.0609375
0 0.48828125 0.7828125 0.0859375 0.1875
0 0.95625 0.6296875 0.0390625 0.0859375
0 0.7625 0.63671875 0.0203125 0.025
0 0.5125 0.721875 0.96875 0.3109375