0 0.3140625 0.3734375 0.0671875 0.125
0 0.2171875 0.578125 0.08671875 0.178125
0 0.2046875 0.82421875 0.1875 0.34609375
0 0.103125 0.8046875 0.20625 0.365625
0 0.10546875 0.52890625 0.16328125 0.3890625
0 0.46171875 0.396875 0.06015625 0.1609375
0 0.6859375 0.38203125 0.115625 0.24296875
0 0.94140625 0.509375 0.115625 0.21171875
0 0.2515625 0.35234375 0.053125 0.125
0 0.4953125 0.3734375 0.0578125 0.1390625
0 0.21484375 0.365625 0.06484375 0.11796875
0 0.834375 0.509375 0.084375 0.18984375
0 0.6453125 0.43125 0.040625 0.09375
0 0.39921875 0.571875 0.7984375 0.55546875