0 0.33984375 0.36796875 0.18046875 0.290625
0 0.775 0.4984375 0.2765625 0.44921875
0 0.70703125 0.30078125 0.1515625 0.2046875
0 0.6265625 0.19375 0.15859375 0.21875
0 0.88203125 0.25625 0.08671875 0.22578125
0 0.24140625 0.5875 0.3890625 0.57421875
0 0.3609375 0.15234375 0.13125 0.3046875
0 0.10078125 0.19921875 0.0890625 0.2984375
0 0.671875 0.25625 0.084375 0.196875
0 0.77421875 0.725 0.44921875 0.5484375
0 0.9265625 0.31484375 0.14453125 0.35078125
0 0.1703125 0.12109375 0.071875 0.1828125
0 0.1359375 0.134375 0.0890625 0.21875
0 0.4984375 0.471875 0.996875 0.86875