0 0.4046875 0.40390625 0.7 0.7265625
0 0.57421875 0.20234375 0.140625 0.215625
0 0.096875 0.228125 0.19375 0.390625
0 0.25390625 0.08203125 0.0734375 0.06875
0 0.484375 0.13828125 0.1546875 0.2140625
0 0.7140625 0.190625 0.2171875 0.3375
0 0.86171875 0.16640625 0.2421875 0.3328125
0 0.7609375 0.046875 0.096875 0.09375
0 0.14921875 0.40625 0.2984375 0.584375
0 0.04765625 0.259375 0.0953125 0.43125
0 0.459375 0.09765625 0.065625 0.0609375
0 0.59453125 0.09921875 0.109375 0.103125
0 0.8125 0.34765625 0.15625 0.1328125
0 0.54921875 0.35390625 0.9015625 0.7078125