0 0.353125 0.55078125 0.0546875 0.1828125
0 0.44921875 0.540625 0.06875 0.1828125
0 0.2859375 0.74765625 0.13125 0.5046875
0 0.253125 0.77109375 0.11875 0.4578125
0 0.20703125 0.753125 0.1890625 0.49375
0 0.584375 0.50234375 0.040625 0.1296875
0 0.7828125 0.54765625 0.159375 0.2890625
0 0.8328125 0.4625 0.0578125 0.1015625
0 0.8921875 0.5421875 0.1109375 0.2765625
0 0.38671875 0.52421875 0.05 0.1265625
0 0.66328125 0.6296875 0.16875 0.475
0 0.97265625 0.53046875 0.0515625 0.2609375
0 0.7203125 0.45546875 0.025 0.0546875
0 0.490625 0.54765625 0.44375 0.2046875