0 0.5328125 0.74296875 0.13203125 0.38671875
0 0.9359375 0.6390625 0.103125 0.521875
0 0.26796875 0.74375 0.11796875 0.34375
0 0.1734375 0.740625 0.12734375 0.353125
0 0.08984375 0.5640625 0.10078125 0.34140625
0 0.18515625 0.490625 0.08203125 0.240625
0 0.26953125 0.51328125 0.0890625 0.2453125
0 0.3578125 0.52890625 0.0796875 0.28359375
0 0.42578125 0.75703125 0.1296875 0.33671875
0 0.0875 0.77421875 0.1109375 0.31953125
0 0.665625 0.7546875 0.1203125 0.37734375
0 0.5375 0.52734375 0.09375 0.3265625
0 0.359375 0.7703125 0.103125 0.3171875
0 0.509375 0.48828125 0.9203125 0.8796875