0 0.61875 0.546875 0.28828125 0.6875
0 0.19453125 0.51328125 0.2671875 0.7140625
0 0.6109375 0.21171875 0.05078125 0.1515625
0 0.27421875 0.15859375 0.0453125 0.12734375
0 0.34140625 0.12265625 0.021875 0.05546875
0 0.39453125 0.35078125 0.16796875 0.3484375
0 0.0640625 0.3734375 0.09609375 0.28359375
0 0.7515625 0.296875 0.134375 0.18515625
0 0.52734375 0.24609375 0.0796875 0.18984375
0 0.05859375 0.26328125 0.115625 0.16796875
0 0.053125 0.5140625 0.10546875 0.4328125
0 0.8328125 0.2828125 0.0625 0.2328125
0 0.89921875 0.26171875 0.0625 0.26953125
0 0.4984375 0.49765625 0.996875 0.9953125