0 0.90390625 0.534375 0.06875 0.1609375
0 0.84140625 0.53125 0.0671875 0.1640625
0 0.778125 0.5328125 0.065625 0.15
0 0.7296875 0.525 0.0671875 0.1640625
0 0.44296875 0.43671875 0.053125 0.1265625
0 0.39921875 0.4296875 0.071875 0.134375
0 0.2765625 0.4 0.04375 0.0734375
0 0.26796875 0.4921875 0.05 0.1421875
0 0.228125 0.50703125 0.0703125 0.153125
0 0.18515625 0.49921875 0.065625 0.15625
0 0.3703125 0.521875 0.0578125 0.1484375
0 0.20390625 0.43359375 0.046875 0.065625
0 0.33984375 0.45390625 0.05 0.121875
0 0.290625 0.46328125 0.2125 0.2328125