0 0.59140625 0.59609375 0.06484375 0.1875
0 0.81640625 0.6203125 0.071875 0.20703125
0 0.525 0.62734375 0.0984375 0.2640625
0 0.4234375 0.671875 0.1203125 0.5625
0 0.0796875 0.5515625 0.0453125 0.178125
0 0.771875 0.52890625 0.021875 0.06015625
0 0.8578125 0.51171875 0.03359375 0.0484375
0 0.9265625 0.5609375 0.03125 0.09609375
0 0.9703125 0.54296875 0.0578125 0.11796875
0 0.71484375 0.5453125 0.02421875 0.084375
0 0.17421875 0.546875 0.07421875 0.1703125
0 0.109375 0.5359375 0.04296875 0.16796875