0 0.88203125 0.63515625 0.1234375 0.3859375
0 0.390625 0.52734375 0.134375 0.3453125
0 0.69296875 0.5765625 0.0953125 0.2578125
0 0.01953125 0.59296875 0.0390625 0.1796875
0 0.78125 0.490625 0.05 0.1125
0 0.0484375 0.5046875 0.075 0.1296875
0 0.1203125 0.40859375 0.065625 0.1109375
0 0.0296875 0.4296875 0.059375 0.175
0 0.62109375 0.565625 0.0625 0.228125
0 0.446875 0.5109375 0.059375 0.159375
0 0.228125 0.58984375 0.175 0.503125
0 0.57734375 0.55625 0.0703125 0.2203125
0 0.64765625 0.571875 0.0828125 0.2546875
0 0.5 0.55078125 1 0.4671875