0 0.696875 0.42890625 0.209375 0.4265625
0 0.47890625 0.34921875 0.153125 0.19375
0 0.2515625 0.4921875 0.15 0.2890625
0 0.33046875 0.51640625 0.0515625 0.1515625
0 0.37734375 0.47734375 0.0578125 0.1828125
0 0.28515625 0.4578125 0.0640625 0.0703125
0 0.2859375 0.53046875 0.059375 0.1578125
0 0.328125 0.4515625 0.04375 0.096875
0 0.4046875 0.46875 0.0578125 0.1765625
0 0.30390625 0.50078125 0.065625 0.2046875
0 0.36328125 0.47578125 0.0765625 0.20625
0 0.06171875 0.55234375 0.075 0.3046875
0 0.0484375 0.5703125 0.096875 0.30625
0 0.45 0.51640625 0.86875 0.41875