0 0.31015625 0.490625 0.5453125 0.98125
0 0.53828125 0.47890625 0.103125 0.33125
0 0.57890625 0.49765625 0.125 0.3046875
0 0.63515625 0.4171875 0.0671875 0.14375
0 0.6609375 0.41875 0.053125 0.1484375
0 0.7265625 0.56484375 0.546875 0.8703125
0 0.9515625 0.25703125 0.0328125 0.065625
0 0.95703125 0.58359375 0.0859375 0.4328125
0 0.98359375 0.29140625 0.0328125 0.1046875
0 0.971875 0.30546875 0.034375 0.0953125
0 0.5 0.45703125 0.1109375 0.2984375
0 0.92734375 0.39609375 0.1015625 0.16875
0 0.6921875 0.41015625 0.0578125 0.159375
0 0.56953125 0.29140625 0.8609375 0.3390625