0 0.896875 0.58046875 0.071875 0.3796875
0 0.3953125 0.5421875 0.0890625 0.33671875
0 0.7015625 0.54921875 0.06015625 0.25234375
0 0.02421875 0.6609375 0.04296875 0.17578125
0 0.77734375 0.4515625 0.0359375 0.1078125
0 0.053125 0.5671875 0.0578125 0.12265625
0 0.1109375 0.4625 0.05078125 0.10546875
0 0.021875 0.49609375 0.04296875 0.1703125
0 0.62890625 0.5484375 0.03125 0.22578125
0 0.44921875 0.51796875 0.03828125 0.15625
0 0.24296875 0.6265625 0.1078125 0.49296875
0 0.584375 0.5453125 0.040625 0.21640625
0 0.65625 0.55078125 0.0484375 0.25
0 0.50625 0.55078125 0.9828125 0.334375