0 0.2515625 0.4390625 0.15859375 0.59140625
0 0.68359375 0.40625 0.31015625 0.77890625
0 0.16953125 0.3796875 0.0578125 0.22109375
0 0.0875 0.36796875 0.0453125 0.18046875
0 0.053125 0.2984375 0.10546875 0.3296875
0 0.36640625 0.4546875 0.0578125 0.19453125
0 0.7765625 0.74609375 0.0359375 0.13203125
0 0.81953125 0.76796875 0.04296875 0.13203125
0 0.96484375 0.87109375 0.0359375 0.053125
0 0.01328125 0.30078125 0.0265625 0.1421875
0 0.13203125 0.40234375 0.0359375 0.14921875
0 0.6828125 0.66484375 0.053125 0.21171875
0 0.91484375 0.84609375 0.0265625 0.040625
0 0.6765625 0.43359375 0.603125 0.84140625