0 0.3703125 0.571875 0.01953125 0.02890625
0 0.48828125 0.60703125 0.0265625 0.04296875
0 0.35703125 0.74375 0.09609375 0.1390625
0 0.6109375 0.609375 0.0265625 0.04296875
0 0.571875 0.61171875 0.0265625 0.04296875
0 0.51171875 0.7203125 0.08203125 0.08671875
0 0.46484375 0.7171875 0.05078125 0.0890625
0 0.52421875 0.60703125 0.0265625 0.05546875
0 0.44375 0.69609375 0.0359375 0.0796875
0 0.53984375 0.6625 0.0359375 0.040625
0 0.41953125 0.740625 0.0625 0.1203125
0 0.53828125 0.6421875 0.03359375 0.0265625
0 0.44375 0.56484375 0.02421875 0.03359375