0 0.16640625 0.4890625 0.0703125 0.103125
0 0.21640625 0.49609375 0.0625 0.096875
0 0.3453125 0.4921875 0.06875 0.121875
0 0.5125 0.4609375 0.0609375 0.1203125
0 0.31796875 0.49453125 0.0359375 0.1
0 0.39296875 0.49375 0.0453125 0.090625
0 0.43359375 0.47890625 0.0703125 0.121875
0 0.2859375 0.49453125 0.0640625 0.10625
0 0.5515625 0.45625 0.046875 0.096875
0 0.47421875 0.47421875 0.04375 0.096875
0 0.259375 0.4953125 0.046875 0.1015625
0 0.615625 0.30234375 0.0859375 0.196875
0 0.7 0.340625 0.06875 0.1078125
0 0.2015625 0.42265625 0.109375 0.15