0 0.30625 0.83671875 0.16796875 0.178125
0 0.7484375 0.64296875 0.084375 0.0578125
0 0.4625 0.634375 0.115625 0.125
0 0.5 0.56875 0.084375 0.11328125
0 0.5265625 0.46171875 0.0984375 0.10078125
0 0.55859375 0.3765625 0.06953125 0.08203125
0 0.55546875 0.31484375 0.05546875 0.0359375
0 0.30078125 0.42578125 0.05078125 0.0359375
0 0.2140625 0.50390625 0.09375 0.0484375
0 0.740625 0.41796875 0.02421875 0.0171875
0 0.1109375 0.771875 0.134375 0.1515625
0 0.7515625 0.71171875 0.1203125 0.1421875
0 0.6546875 0.77265625 0.14921875 0.1609375
0 0.578125 0.4015625 0.69921875 0.36328125