0 0.4375 0.50546875 0.2515625 0.5125
0 0.1765625 0.60078125 0.16875 0.259375
0 0.10625 0.4859375 0.1 0.2125
0 0.93203125 0.465625 0.1171875 0.15
0 0.82578125 0.3953125 0.10625 0.20625
0 0.87109375 0.36796875 0.0578125 0.159375
0 0.6984375 0.48125 0.271875 0.603125
0 0.03359375 0.4890625 0.0671875 0.171875
0 0.225 0.5609375 0.1578125 0.2125
0 0.24296875 0.453125 0.0984375 0.1671875
0 0.1796875 0.43359375 0.08125 0.1265625
0 0.13984375 0.44140625 0.0625 0.1125
0 0.0625 0.49921875 0.084375 0.2125
0 0.5 0.38984375 1 0.7796875