0 0.88359375 0.6875 0.0890625 0.19921875
0 0.2609375 0.72109375 0.14453125 0.27890625
0 0.38125 0.6390625 0.02421875 0.09140625
0 0.34765625 0.6515625 0.0359375 0.10546875
0 0.7546875 0.60546875 0.01953125 0.05546875
0 0.1578125 0.63828125 0.02890625 0.0484375
0 0.1 0.66796875 0.021875 0.0671875
0 0.94140625 0.6140625 0.021875 0.09140625
0 0.02265625 0.63125 0.021875 0.03828125
0 0.6578125 0.615625 0.021875 0.0484375
0 0.915625 0.61171875 0.04296875 0.0625
0 0.9640625 0.5984375 0.01953125 0.04296875
0 0.3375 0.6578125 0.0625 0.11328125
0 0.5140625 0.6359375 0.959375 0.12265625