0 0.7203125 0.821875 0.146875 0.35078125
0 0.94140625 0.8125 0.115625 0.3609375
0 0.56875 0.74140625 0.05546875 0.14921875
0 0.04921875 0.8609375 0.0984375 0.24765625
0 0.85546875 0.85234375 0.13203125 0.290625
0 0.20078125 0.853125 0.1734375 0.28828125
0 0.584375 0.91796875 0.0484375 0.06484375
0 0.25625 0.86875 0.125 0.25703125
0 0.33984375 0.9046875 0.08203125 0.18515625
0 0.490625 0.72265625 0.0359375 0.05078125
0 0.63671875 0.8734375 0.08671875 0.24765625
0 0.51796875 0.9515625 0.2140625 0.09140625
0 0.42890625 0.890625 0.09140625 0.2140625
0 0.4109375 0.81875 0.821875 0.28828125