0 0.653125 0.5984375 0.0609375 0.1640625
0 0.62734375 0.51171875 0.0546875 0.075
0 0.32265625 0.4234375 0.0234375 0.075
0 0.5828125 0.5140625 0.0390625 0.075
0 0.61015625 0.62734375 0.0359375 0.11875
0 0.5984375 0.4140625 0.0234375 0.09375
0 0.58515625 0.65234375 0.034375 0.065625
0 0.64296875 0.390625 0.0125 0.0359375
0 0.54609375 0.56640625 0.0328125 0.084375
0 0.559375 0.65703125 0.034375 0.0609375
0 0.6859375 0.41484375 0.0296875 0.0890625
0 0.50625 0.61640625 0.0578125 0.1453125
0 0.6203125 0.57734375 0.0328125 0.0984375
0 0.47109375 0.53046875 0.4484375 0.346875