0 0.540625 0.54375 0.88125 0.9125
0 0.82734375 0.390625 0.078125 0.125
0 0.18515625 0.59921875 0.14375 0.2
0 0.0921875 0.675 0.1453125 0.1640625
0 0.2515625 0.553125 0.0671875 0.078125
0 0.13046875 0.61484375 0.1046875 0.125
0 0.93828125 0.4296875 0.1234375 0.334375
0 0.37109375 0.51328125 0.0609375 0.0546875
0 0.38828125 0.5609375 0.0578125 0.0859375
0 0.28203125 0.61328125 0.08125 0.09375
0 0.28359375 0.5640625 0.109375 0.1046875
0 0.29765625 0.54296875 0.0609375 0.078125
0 0.353125 0.59609375 0.11875 0.134375