0 0.6890625 0.5171875 0.4203125 0.9328125
0 0.46484375 0.4734375 0.0578125 0.3265625
0 0.421875 0.48671875 0.084375 0.2953125
0 0.37734375 0.39921875 0.0484375 0.1390625
0 0.35234375 0.396875 0.03359375 0.14453125
0 0.2546875 0.55859375 0.446875 0.8703125
0 0.08671875 0.196875 0.02421875 0.0625
0 0.02421875 0.51796875 0.0484375 0.43046875
0 0.0421875 0.225 0.03359375 0.10078125
0 0.06015625 0.24140625 0.021875 0.09375
0 0.50625 0.4578125 0.071875 0.290625
0 0.09140625 0.3375 0.0796875 0.15859375
0 0.321875 0.384375 0.0359375 0.15625
0 0.43984375 0.28125 0.8796875 0.21875