0 0.34375 0.60078125 0.103125 0.146875
0 0.59296875 0.65625 0.1296875 0.146875
0 0.52734375 0.52890625 0.10625 0.309375
0 0.2671875 0.534375 0.059375 0.1140625
0 0.79296875 0.71015625 0.0625 0.06875
0 0.5375 0.6015625 0.05625 0.103125
0 0.06640625 0.575 0.0890625 0.065625
0 0.77421875 0.67734375 0.040625 0.05625
0 0.31640625 0.54453125 0.0875 0.1875
0 0.58203125 0.6625 0.0546875 0.0671875
0 0.109375 0.54609375 0.0328125 0.059375
0 0.45625 0.509375 0.321875 0.6359375
0 0.0265625 0.5296875 0.053125 0.14375