0 0.365625 0.42421875 0.1078125 0.3234375
0 0.34921875 0.328125 0.0609375 0.140625
0 0.2 0.2875 0.0703125 0.14375
0 0.1265625 0.27890625 0.0515625 0.109375
0 0.09140625 0.3515625 0.0890625 0.246875
0 0.93203125 0.42109375 0.1109375 0.1546875
0 0.88984375 0.365625 0.0671875 0.1421875
0 0.765625 0.33984375 0.0296875 0.0640625
0 0.4578125 0.36171875 0.06875 0.1796875
0 0.234375 0.303125 0.059375 0.0796875
0 0.04921875 0.32265625 0.0890625 0.2515625
0 0.271875 0.29140625 0.0875 0.134375
0 0.5 0.42109375 1 0.4953125