0 0.6265625 0.63828125 0.021875 0.09609375
0 0.60546875 0.63671875 0.02421875 0.09609375
0 0.5296875 0.62734375 0.03359375 0.1109375
0 0.5796875 0.634375 0.03125 0.0984375
0 0.35 0.61171875 0.0171875 0.0796875
0 0.36640625 0.615625 0.021875 0.08203125
0 0.31640625 0.609375 0.021875 0.07421875
0 0.0640625 0.60546875 0.03125 0.08203125
0 0.29453125 0.609375 0.0171875 0.06953125
0 0.0171875 0.5953125 0.0171875 0.09140625
0 0.046875 0.6046875 0.01953125 0.0765625
0 0.040625 0.60078125 0.021875 0.0671875
0 0.7203125 0.6453125 0.0265625 0.09140625
0 0.66484375 0.63671875 0.26171875 0.11328125