0 0.76328125 0.34765625 0.19453125 0.290625
0 0.3015625 0.2828125 0.134375 0.24765625
0 0.1359375 0.38203125 0.1296875 0.30546875
0 0.21640625 0.6765625 0.31484375 0.60546875
0 0.86875 0.26953125 0.11328125 0.26171875
0 0.4625 0.28125 0.125 0.2453125
0 0.95703125 0.4984375 0.084375 0.40859375
0 0.21171875 0.1109375 0.053125 0.0796875
0 0.08671875 0.5015625 0.134375 0.375
0 0.978125 0.18984375 0.040625 0.22578125
0 0.83515625 0.1296875 0.03828125 0.08203125
0 0.8265625 0.6921875 0.334375 0.6109375
0 0.62109375 0.3078125 0.13203125 0.228125
0 0.46640625 0.5171875 0.928125 0.9640625