0 0.86875 0.70234375 0.1265625 0.23125
0 0.8125 0.62578125 0.0375 0.0671875
0 0.75625 0.68125 0.0421875 0.1625
0 0.41953125 0.64375 0.01875 0.0296875
0 0.49765625 0.6390625 0.021875 0.034375
0 0.62734375 0.6671875 0.0296875 0.065625
0 0.6078125 0.69609375 0.0234375 0.0859375
0 0.590625 0.6609375 0.03125 0.059375
0 0.54921875 0.6578125 0.028125 0.04375
0 0.31328125 0.646875 0.021875 0.034375
0 0.66640625 0.66328125 0.034375 0.0609375
0 0.17265625 0.64921875 0.0203125 0.0546875
0 0.4546875 0.6453125 0.0140625 0.03125
0 0.3421875 0.6359375 0.5625 0.1203125