3 0.0265625 0.4234375 0.053125 0.040625
6 0.640625 0.434375 0.025 0.0875
6 0.9421875 0.4625 0.109375 0.16875
6 0.8703125 0.4859375 0.090625 0.190625
6 0.2953125 0.4921875 0.065625 0.103125
6 0.459375 0.509375 0.1375 0.26875
6 0.025 0.5109375 0.05 0.134375
6 0.7171875 0.534375 0.184375 0.325
0 0.5546875 0.540625 0.090625 0.09375
0 0.89375 0.54375 0.2125 0.175
6 0.1828125 0.54375 0.096875 0.2125
0 0.0296875 0.546875 0.059375 0.0875
0 0.2609375 0.5765625 0.071875 0.103125
6 0.38125 0.6015625 0.10625 0.259375
0 0.4796875 0.6046875 0.134375 0.215625
0 0.1953125 0.6171875 0.109375 0.171875
0 0.7328125 0.634375 0.265625 0.225
0 0.3890625 0.66875 0.090625 0.18125