0 0.95703125 0.6765625 0.0859375 0.4625
0 0.7640625 0.55625 0.0953125 0.20625
0 0.57265625 0.5671875 0.0703125 0.184375
0 0.5453125 0.59140625 0.0703125 0.16875
0 0.53671875 0.58671875 0.0703125 0.16875
0 0.4859375 0.653125 0.05 0.0734375
0 0.47265625 0.6390625 0.0328125 0.065625
0 0.4328125 0.65625 0.165625 0.3390625
0 0.38671875 0.6859375 0.05 0.059375
0 0.30703125 0.6421875 0.071875 0.171875
0 0.2921875 0.625 0.0546875 0.165625
0 0.2640625 0.6328125 0.0703125 0.171875
0 0.2265625 0.6609375 0.1 0.253125
0 0.20546875 0.5796875 0.015625 0.0234375
0 0.2140625 0.6546875 0.0109375 0.025
0 0.209375 0.6984375 0.053125 0.1234375
0 0.18046875 0.6234375 0.0328125 0.0765625
0 0.18359375 0.6984375 0.0421875 0.0875
0 0.171875 0.703125 0.046875 0.0765625
0 0.159375 0.725 0.0484375 0.0875
0 0.1421875 0.73125 0.0515625 0.103125
0 0.13359375 0.74375 0.0609375 0.0921875
0 0.11640625 0.67734375 0.0375 0.075
0 0.10234375 0.725 0.03125 0.0625
0 0.09140625 0.75234375 0.065625 0.0875
0 0.0890625 0.703125 0.0171875 0.028125
0 0.07265625 0.653125 0.040625 0.103125
0 0.05234375 0.6640625 0.0421875 0.1078125
0 0.059375 0.75859375 0.0453125 0.090625
0 0.05859375 0.77421875 0.034375 0.0609375