0 0.07421875 0.40703125 0.1484375 0.2796875
0 0.3484375 0.43125 0.4109375 0.34140625
0 0.2390625 0.66484375 0.103125 0.634375
0 0.3078125 0.46640625 0.10546875 0.34375
0 0.56640625 0.33515625 0.03828125 0.12734375
0 0.5875 0.3296875 0.021875 0.1296875
0 0.61875 0.3640625 0.04296875 0.178125
0 0.7140625 0.40859375 0.12265625 0.41328125
0 0.671875 0.34609375 0.0359375 0.13671875
0 0.7796875 0.3328125 0.05078125 0.10546875
0 0.80859375 0.3265625 0.0265625 0.0984375
0 0.8453125 0.3796875 0.0265625 0.09609375
0 0.8546875 0.3578125 0.0359375 0.146875
0 0.87734375 0.38359375 0.01953125 0.103125
0 0.890625 0.30625 0.0265625 0.0625
0 0.94453125 0.32109375 0.03125 0.103125
0 0.97265625 0.3125 0.01953125 0.0625