0 0.07421875 0.41484375 0.1484375 0.2828125
0 0.346875 0.43359375 0.4171875 0.3484375
0 0.2421875 0.66953125 0.1140625 0.6359375
0 0.30703125 0.46953125 0.1109375 0.3453125
0 0.56328125 0.334375 0.040625 0.128125
0 0.584375 0.328125 0.0234375 0.1296875
0 0.61640625 0.36171875 0.0453125 0.178125
0 0.7125 0.4046875 0.1296875 0.415625
0 0.66953125 0.34296875 0.0390625 0.1375
0 0.7765625 0.328125 0.053125 0.10625
0 0.80546875 0.32109375 0.028125 0.0984375
0 0.84296875 0.3734375 0.028125 0.096875
0 0.85234375 0.3515625 0.0390625 0.146875
0 0.875 0.37734375 0.021875 0.103125
0 0.8875 0.29921875 0.028125 0.0625
0 0.94140625 0.31328125 0.0328125 0.103125
0 0.96953125 0.30390625 0.0203125 0.0625