0 0.809375 0.4 0.04375 0.0375
6 0.8546875 0.409375 0.034375 0.1
6 0.621875 0.4125 0.05 0.13125
6 0.8765625 0.4234375 0.028125 0.065625
6 0.40625 0.4375 0.05625 0.16875
6 0.1171875 0.4421875 0.053125 0.184375
6 0.7296875 0.44375 0.090625 0.2625
0 0.615625 0.4453125 0.03125 0.059375
6 0.0671875 0.4546875 0.071875 0.203125
6 0.3109375 0.475 0.090625 0.225
0 0.1125 0.5015625 0.08125 0.103125
0 0.7015625 0.5046875 0.140625 0.165625
0 0.0296875 0.515625 0.059375 0.10625
6 0.23125 0.5859375 0.1125 0.390625
0 0.28125 0.671875 0.4 0.28125