6 0.20625 0.3265625 0.10625 0.134375
0 0.3265625 0.3453125 0.109375 0.084375
6 0.0875 0.346875 0.10625 0.23125
6 0.9703125 0.3796875 0.053125 0.171875
6 0.5390625 0.3921875 0.128125 0.228125
6 0.6875 0.41875 0.10625 0.25
0 0.55 0.440625 0.16875 0.15625
0 0.0671875 0.446875 0.134375 0.1625
0 0.903125 0.4609375 0.11875 0.203125
0 0.18125 0.4671875 0.15 0.184375
6 0.409375 0.46875 0.1 0.3875
0 0.6609375 0.5015625 0.121875 0.178125
6 0.8046875 0.5109375 0.146875 0.559375
6 0.25625 0.603125 0.21875 0.4375
0 0.721875 0.609375 0.1 0.2375
0 0.4046875 0.7609375 0.278125 0.134375