6 0.509375 0.39375 0.05 0.11875
6 0.4125 0.4140625 0.05625 0.165625
0 0.5125 0.440625 0.0375 0.08125
6 0.671875 0.459375 0.09375 0.1125
6 0.334375 0.471875 0.075 0.16875
6 0.46875 0.509375 0.075 0.175
0 0.46875 0.565625 0.05625 0.13125
6 0.240625 0.571875 0.0875 0.2375
6 0.5375 0.5875 0.09375 0.2625
0 0.24375 0.6203125 0.08125 0.178125
0 0.3171875 0.665625 0.071875 0.175
0 0.528125 0.6828125 0.06875 0.184375
6 0.6203125 0.6984375 0.153125 0.328125
6 0.409375 0.784375 0.13125 0.36875
0 0.6140625 0.8 0.103125 0.2375
0 0.378125 0.875 0.13125 0.21875
0 0.7890625 0.89375 0.078125 0.2125
6 0.3265625 0.9375 0.184375 0.125