0 0.81640625 0.61171875 0.0109375 0.021875
0 0.78125 0.71015625 0.0375 0.1
0 0.6890625 0.67890625 0.0203125 0.05
0 0.6078125 0.68828125 0.0359375 0.1046875
0 0.559375 0.6703125 0.0203125 0.0390625
0 0.55 0.65390625 0.0234375 0.0609375
0 0.5 0.67109375 0.0375 0.121875
0 0.378125 0.70703125 0.0515625 0.05625
0 0.3234375 0.62890625 0.0140625 0.0609375
0 0.3203125 0.6265625 0.0234375 0.05625
0 0.27109375 0.63359375 0.025 0.075
0 0.184375 0.63671875 0.0375 0.1296875
0 0.18671875 0.56484375 0.015625 0.0234375
0 0.18515625 0.55 0.0078125 0.0171875
0 0.1046875 0.6171875 0.03125 0.0734375
0 0.08984375 0.54296875 0.0078125 0.0125
0 0.01484375 0.52890625 0.015625 0.0125