0 0.1765625 0.5890625 0.009375 0.021875
0 0.2046875 0.68984375 0.03125 0.0984375
0 0.29921875 0.665625 0.0171875 0.0484375
0 0.3796875 0.68046875 0.02890625 0.103125
0 0.42890625 0.665625 0.0171875 0.03828125
0 0.4390625 0.65 0.01953125 0.06015625
0 0.48828125 0.6703125 0.02890625 0.1203125
0 0.60703125 0.71484375 0.0484375 0.053125
0 0.6671875 0.640625 0.009375 0.06015625
0 0.6703125 0.6390625 0.01953125 0.05546875
0 0.71875 0.64921875 0.01953125 0.07421875
0 0.80546875 0.65859375 0.02890625 0.12734375
0 0.8078125 0.58671875 0.0140625 0.021875
0 0.8109375 0.571875 0.00703125 0.0171875
0 0.8859375 0.64453125 0.0265625 0.071875
0 0.90625 0.57109375 0.00703125 0.01171875
0 0.98203125 0.5625 0.0140625 0.01171875