6 0.959375 0.3703125 0.08125 0.190625
6 0.878125 0.3859375 0.06875 0.221875
6 0.8375 0.4015625 0.075 0.221875
6 0.7703125 0.415625 0.084375 0.24375
6 0.0453125 0.4171875 0.090625 0.190625
6 0.7296875 0.428125 0.115625 0.25625
6 0.5625 0.43125 0.1125 0.26875
6 0.2734375 0.4359375 0.084375 0.271875
6 0.4484375 0.4421875 0.096875 0.278125
6 0.3515625 0.4625 0.128125 0.33125
6 0.171875 0.4765625 0.13125 0.334375
0 0.7953125 0.4953125 0.046875 0.178125
0 0.5453125 0.5046875 0.096875 0.190625
0 0.4484375 0.51875 0.065625 0.175
0 0.5796875 0.521875 0.084375 0.19375
0 0.7375 0.521875 0.0875 0.19375
0 0.271875 0.5296875 0.06875 0.196875
0 0.3609375 0.5671875 0.109375 0.228125
0 0.1703125 0.5875 0.128125 0.23125
0 0.05625 0.628125 0.090625 0.2375