0 0.0703125 0.64453125 0.11875 0.3375
0 0.13828125 0.46171875 0.0921875 0.175
0 0.12578125 0.59609375 0.0953125 0.2375
0 0.1640625 0.671875 0.1140625 0.2515625
0 0.203125 0.496875 0.090625 0.2578125
0 0.2390625 0.5890625 0.10625 0.3359375
0 0.2515625 0.7078125 0.125 0.2296875
0 0.28203125 0.49296875 0.0796875 0.2453125
0 0.303125 0.56328125 0.1078125 0.3046875
0 0.32578125 0.51875 0.08125 0.25625
0 0.32890625 0.7265625 0.1109375 0.24375
0 0.3765625 0.3609375 0.0734375 0.1953125
0 0.36640625 0.5953125 0.1109375 0.3515625
0 0.3875 0.4484375 0.0921875 0.1421875
0 0.409375 0.371875 0.0828125 0.190625
0 0.409375 0.73828125 0.1140625 0.21875
0 0.41796875 0.60234375 0.0953125 0.3203125
0 0.4375 0.45859375 0.0546875 0.1203125
0 0.4578125 0.36875 0.065625 0.171875
0 0.48359375 0.365625 0.078125 0.1578125
0 0.4765625 0.4484375 0.08125 0.140625
0 0.4625 0.5984375 0.0953125 0.328125
0 0.496875 0.72734375 0.1125 0.24375
0 0.5203125 0.40390625 0.071875 0.19375
0 0.52578125 0.49140625 0.0875 0.159375
0 0.53046875 0.59609375 0.096875 0.2328125
0 0.57265625 0.3625 0.1078125 0.2390625
0 0.55390625 0.5609375 0.075 0.2671875
0 0.60078125 0.39140625 0.0890625 0.203125
0 0.565625 0.73203125 0.103125 0.2484375
0 0.590625 0.58359375 0.0921875 0.2296875
0 0.609375 0.4953125 0.0671875 0.1390625
0 0.63125 0.5703125 0.075 0.2859375
0 0.63984375 0.73984375 0.1109375 0.21875
0 0.66484375 0.565625 0.1015625 0.2734375
0 0.70234375 0.55625 0.103125 0.2609375
0 0.7140625 0.76953125 0.125 0.215625
0 0.746875 0.6546875 0.159375 0.353125
0 0.771875 0.503125 0.0609375 0.134375
0 0.7703125 0.5375 0.053125 0.121875
0 0.80625 0.5359375 0.08125 0.1609375
0 0.8125 0.7203125 0.1296875 0.3421875
0 0.84609375 0.6078125 0.109375 0.3328125