0 0.09140625 0.69609375 0.0796875 0.3296875
0 0.13671875 0.50625 0.071875 0.16796875
0 0.140625 0.640625 0.0671875 0.23046875
0 0.1875 0.71171875 0.084375 0.24296875
0 0.2046875 0.5328125 0.06015625 0.25234375
0 0.2515625 0.6203125 0.0671875 0.3296875
0 0.27890625 0.73671875 0.0984375 0.21875
0 0.2828125 0.51953125 0.05078125 0.240625
0 0.3125 0.58671875 0.071875 0.2984375
0 0.3296875 0.53984375 0.05078125 0.25234375
0 0.3578125 0.74609375 0.08203125 0.2359375
0 0.3609375 0.37734375 0.05078125 0.18984375
0 0.37890625 0.6109375 0.06953125 0.34609375
0 0.38203125 0.4625 0.0765625 0.134375
0 0.39453125 0.38359375 0.06015625 0.18515625
0 0.4390625 0.74765625 0.0890625 0.209375
0 0.43125 0.61171875 0.0578125 0.31484375
0 0.4328125 0.46640625 0.040625 0.115625
0 0.4421875 0.375 0.0453125 0.16796875
0 0.4671875 0.36875 0.06015625 0.1515625
0 0.4703125 0.4515625 0.06484375 0.134375
0 0.475 0.60234375 0.05546875 0.32421875
0 0.52421875 0.72578125 0.084375 0.2359375
0 0.50859375 0.40234375 0.0484375 0.18984375
0 0.52421875 0.48828125 0.06953125 0.1515625
0 0.5421875 0.59140625 0.06953125 0.22578125
0 0.55546875 0.3546875 0.0796875 0.23046875
0 0.5609375 0.55390625 0.04296875 0.2640625
0 0.58671875 0.3796875 0.06484375 0.196875
0 0.59375 0.72265625 0.07421875 0.240625
0 0.6 0.571875 0.06484375 0.2234375
0 0.6078125 0.48203125 0.05078125 0.134375
0 0.6390625 0.55390625 0.040625 0.28359375
0 0.66796875 0.72109375 0.08671875 0.209375
0 0.671875 0.5453125 0.06953125 0.2671875
0 0.7078125 0.53125 0.071875 0.2546875
0 0.7453125 0.74140625 0.10078125 0.2046875
0 0.7640625 0.6234375 0.11796875 0.34140625
0 0.7703125 0.4703125 0.0453125 0.1296875
0 0.77265625 0.5046875 0.03828125 0.11796875
0 0.80859375 0.4984375 0.0625 0.15390625
0 0.83671875 0.68046875 0.0890625 0.334375
0 0.85703125 0.56484375 0.06953125 0.3265625