6 0.15 0.509375 0.05 0.075
3 0.721875 0.5109375 0.04375 0.040625
6 0.440625 0.51875 0.04375 0.08125
6 0.96875 0.53125 0.04375 0.1
6 0.665625 0.5328125 0.04375 0.090625
6 0.328125 0.534375 0.05 0.09375
6 0.778125 0.534375 0.0625 0.125
0 0.159375 0.534375 0.05 0.04375
6 0.9015625 0.5375 0.040625 0.10625
0 0.44375 0.5453125 0.05 0.059375
6 0.8359375 0.546875 0.059375 0.1375
0 0.66875 0.55625 0.05 0.06875
6 0.590625 0.5625 0.05625 0.15
0 0.9765625 0.5640625 0.034375 0.053125
0 0.778125 0.571875 0.05 0.08125
0 0.9078125 0.5734375 0.034375 0.059375
0 0.3359375 0.5828125 0.040625 0.071875
0 0.8375 0.6015625 0.0375 0.084375
0 0.590625 0.609375 0.05 0.1
6 0.51875 0.6453125 0.13125 0.271875
6 0.1140625 0.675 0.190625 0.30625
0 0.5109375 0.78125 0.115625 0.2125
0 0.1046875 0.8046875 0.209375 0.259375