0 0.01171875 0.48515625 0.0234375 0.1328125
0 0.065625 0.91484375 0.13125 0.1390625
0 0.05 0.546875 0.0875 0.3078125
0 0.12734375 0.47265625 0.071875 0.1296875
0 0.2171875 0.5796875 0.078125 0.196875
0 0.33984375 0.615625 0.2859375 0.7625
0 0.25 0.37265625 0.065625 0.1484375
0 0.3828125 0.3953125 0.065625 0.2375
0 0.4421875 0.63515625 0.203125 0.7296875
0 0.57578125 0.6171875 0.1734375 0.765625
0 0.6640625 0.3921875 0.078125 0.1828125
0 0.6703125 0.47265625 0.06875 0.1609375
0 0.76015625 0.39140625 0.16875 0.2203125
0 0.71796875 0.4828125 0.0640625 0.1671875
0 0.775 0.57578125 0.0734375 0.3234375
0 0.84296875 0.5765625 0.084375 0.3546875
0 0.875 0.515625 0.06875 0.45625
0 0.92421875 0.51640625 0.0921875 0.4375
0 0.9734375 0.60390625 0.053125 0.3359375