0 0.0109375 0.50234375 0.021875 0.13203125
0 0.071875 0.9296875 0.14375 0.134375
0 0.0515625 0.5625 0.0765625 0.30546875
0 0.1265625 0.4859375 0.0671875 0.12734375
0 0.2203125 0.58984375 0.071875 0.19453125
0 0.34375 0.62109375 0.259375 0.7546875
0 0.2453125 0.38125 0.06015625 0.146875
0 0.37890625 0.39921875 0.0578125 0.2359375
0 0.446875 0.63671875 0.178125 0.7234375
0 0.58046875 0.61640625 0.146875 0.7640625
0 0.66015625 0.38671875 0.071875 0.18046875
0 0.66953125 0.46640625 0.0625 0.15859375
0 0.75625 0.38203125 0.1609375 0.2140625
0 0.7171875 0.475 0.0578125 0.165625
0 0.77734375 0.56640625 0.0625 0.321875
0 0.8453125 0.56484375 0.071875 0.353125
0 0.875 0.50234375 0.053125 0.4546875
0 0.92421875 0.5015625 0.0765625 0.43515625
0 0.97734375 0.5875 0.04296875 0.334375