6 0.7171875 0.528125 0.096875 0.14375
6 0.4015625 0.578125 0.096875 0.3125
6 0.325 0.5875 0.0875 0.25
6 0.4828125 0.5890625 0.103125 0.284375
6 0.578125 0.590625 0.125 0.28125
6 0.8203125 0.59375 0.096875 0.2125
6 0.9390625 0.5953125 0.121875 0.271875
6 0.2671875 0.621875 0.115625 0.325
6 0.1546875 0.65 0.159375 0.3
0 0.6765625 0.6609375 0.090625 0.196875
0 0.90625 0.6609375 0.125 0.165625
0 0.75625 0.665625 0.0875 0.1875
0 0.540625 0.6671875 0.075 0.165625
0 0.48125 0.678125 0.08125 0.2
0 0.41875 0.6890625 0.1 0.234375
0 0.58125 0.69375 0.13125 0.23125
0 0.290625 0.696875 0.14375 0.25625
0 0.1375 0.7078125 0.11875 0.209375