0 0.04140625 0.65859375 0.0734375 0.20625
0 0.12265625 0.8078125 0.2140625 0.384375
0 0.0328125 0.56953125 0.0421875 0.059375
0 0.03125 0.525 0.015625 0.0296875
0 0.0484375 0.5375 0.0265625 0.0515625
0 0.08828125 0.58984375 0.0390625 0.075
0 0.07890625 0.528125 0.0234375 0.03125
0 0.0796875 0.53359375 0.01875 0.0171875
0 0.13125 0.62578125 0.125 0.2890625
0 0.29453125 0.8359375 0.2796875 0.328125
0 0.2203125 0.7140625 0.19375 0.5375
0 0.16171875 0.546875 0.0328125 0.0625
0 0.23046875 0.55 0.0421875 0.078125
0 0.2375 0.52578125 0.025 0.04375
0 0.25 0.5328125 0.03125 0.0625
0 0.29765625 0.55234375 0.134375 0.2625
0 0.3375 0.671875 0.1890625 0.421875
0 0.365625 0.49140625 0.0765625 0.1
0 0.40078125 0.628125 0.1125 0.2421875
0 0.48828125 0.84140625 0.2203125 0.3171875
0 0.43515625 0.56484375 0.0984375 0.2375
0 0.434375 0.5015625 0.084375 0.1703125
0 0.48828125 0.58359375 0.1265625 0.28125
0 0.571875 0.69609375 0.221875 0.5046875
0 0.4875 0.42890625 0.040625 0.0484375
0 0.51171875 0.4421875 0.0484375 0.0484375
0 0.54296875 0.44296875 0.0328125 0.0421875
0 0.603125 0.4953125 0.0890625 0.1203125
0 0.5875 0.4265625 0.0453125 0.0484375
0 0.65625 0.6765625 0.1609375 0.4609375
0 0.6234375 0.421875 0.0109375 0.025
0 0.64296875 0.47265625 0.03125 0.0671875
0 0.64453125 0.43828125 0.03125 0.0609375
0 0.67109375 0.48125 0.08125 0.1515625
0 0.70078125 0.5453125 0.1171875 0.221875
0 0.77890625 0.6859375 0.2140625 0.44375
0 0.70390625 0.4265625 0.0234375 0.0421875
0 0.7125 0.41484375 0.0265625 0.0515625
0 0.71953125 0.43359375 0.025 0.04375
0 0.7359375 0.43515625 0.0375 0.0890625
0 0.7703125 0.478125 0.0703125 0.121875
0 0.75 0.40859375 0.0265625 0.0453125
0 0.825 0.56328125 0.1359375 0.2734375
0 0.78359375 0.42109375 0.01875 0.046875
0 0.796875 0.42109375 0.0171875 0.0265625
0 0.81640625 0.4109375 0.0234375 0.040625
0 0.89609375 0.565625 0.1265625 0.31875
0 0.85625 0.40546875 0.04375 0.046875
0 0.9265625 0.51015625 0.0609375 0.128125
0 0.9578125 0.5796875 0.084375 0.221875
0 0.9359375 0.48671875 0.0484375 0.1
0 0.9265625 0.428125 0.0171875 0.01875
0 0.9328125 0.39296875 0.025 0.040625
0 0.94765625 0.4 0.034375 0.059375
0 0.96328125 0.4671875 0.0390625 0.06875
0 0.9578125 0.434375 0.0375 0.059375
0 0.96640625 0.3921875 0.0359375 0.053125
0 0.97734375 0.44453125 0.0421875 0.0578125