0 0.021875 0.58515625 0.04296875 0.2015625
0 0.07421875 0.77890625 0.1484375 0.4359375
0 0.02734375 0.4953125 0.03359375 0.05546875
0 0.0328125 0.4515625 0.01171875 0.02890625
0 0.0484375 0.46640625 0.01953125 0.0484375
0 0.0796875 0.52421875 0.02890625 0.071875
0 0.0796875 0.46171875 0.01953125 0.02890625
0 0.0796875 0.4671875 0.0171875 0.0140625
0 0.11640625 0.56640625 0.08203125 0.27890625
0 0.24140625 0.82421875 0.228125 0.34609375
0 0.18984375 0.66796875 0.11328125 0.5265625
0 0.15859375 0.49375 0.02421875 0.06015625
0 0.22578125 0.50703125 0.03125 0.07421875
0 0.23671875 0.484375 0.01953125 0.040625
0 0.24765625 0.49296875 0.021875 0.06015625
0 0.2921875 0.5203125 0.09609375 0.25
0 0.3125 0.64453125 0.12734375 0.40625
0 0.36875 0.4703125 0.0625 0.09140625
0 0.38203125 0.6109375 0.0765625 0.2328125
0 0.43359375 0.84375 0.1734375 0.31015625
0 0.42578125 0.55390625 0.0625 0.23046875
0 0.43515625 0.49140625 0.06015625 0.16328125
0 0.475 0.58046875 0.084375 0.271875
0 0.540625 0.7046875 0.146875 0.48828125
0 0.4984375 0.428125 0.03359375 0.04296875
0 0.5203125 0.44453125 0.04296875 0.04296875
0 0.5515625 0.45078125 0.0265625 0.03828125
0 0.60234375 0.51171875 0.071875 0.1109375
0 0.59765625 0.44140625 0.03828125 0.04296875
0 0.6265625 0.6984375 0.09140625 0.4515625
0 0.634375 0.4421875 0.00703125 0.02421875
0 0.6453125 0.4953125 0.021875 0.06484375
0 0.65234375 0.46171875 0.021875 0.0578125
0 0.671875 0.50859375 0.06015625 0.14453125
0 0.69140625 0.5765625 0.084375 0.21171875
0 0.74609375 0.72734375 0.14921875 0.42578125
0 0.7125 0.459375 0.0171875 0.040625
0 0.7234375 0.44921875 0.01953125 0.0484375
0 0.72734375 0.46875 0.01953125 0.040625
0 0.74296875 0.47265625 0.02421875 0.08671875
0 0.7703125 0.5203125 0.053125 0.115625
0 0.7609375 0.4484375 0.01953125 0.04296875
0 0.8109375 0.61328125 0.09609375 0.26171875
0 0.7921875 0.46640625 0.01171875 0.0453125
0 0.80546875 0.46875 0.0140625 0.02421875
0 0.8265625 0.46171875 0.0171875 0.03828125
0 0.88125 0.6265625 0.0796875 0.31015625
0 0.86640625 0.4625 0.03828125 0.040625
0 0.91953125 0.5765625 0.04296875 0.12265625
0 0.95546875 0.65390625 0.084375 0.21171875
0 0.9328125 0.55546875 0.03359375 0.09609375
0 0.9328125 0.49609375 0.0140625 0.0171875
0 0.94453125 0.46171875 0.01953125 0.03828125
0 0.9578125 0.47109375 0.0265625 0.05546875
0 0.9625 0.53984375 0.02890625 0.06484375
0 0.9625 0.50703125 0.02890625 0.05546875
0 0.97734375 0.46640625 0.02890625 0.0484375
0 0.98046875 0.5203125 0.03359375 0.053125