0 0.0390625 0.68828125 0.034375 0.0515625
0 0.00546875 0.35859375 0.0109375 0.0890625
0 0.065625 0.5671875 0.13125 0.14375
0 0.01171875 0.31796875 0.0234375 0.0609375
0 0.0296875 0.25234375 0.034375 0.05
0 0.0453125 0.253125 0.04375 0.0546875
0 0.21171875 0.6921875 0.1796875 0.2890625
0 0.084375 0.2359375 0.0390625 0.0546875
0 0.19140625 0.43828125 0.084375 0.1359375
0 0.1609375 0.27265625 0.05625 0.0765625
0 0.2484375 0.5515625 0.128125 0.14375
0 0.22734375 0.38515625 0.0671875 0.0796875
0 0.196875 0.23125 0.03125 0.046875
0 0.2890625 0.5015625 0.125 0.1484375
0 0.2390625 0.36171875 0.0515625 0.06875
0 0.2703125 0.31796875 0.0453125 0.0625
0 0.3171875 0.39921875 0.0859375 0.0890625
0 0.321875 0.42890625 0.0765625 0.1078125
0 0.2890625 0.30390625 0.0390625 0.040625
0 0.30390625 0.2984375 0.0484375 0.0546875
0 0.32265625 0.2046875 0.078125 0.0796875
0 0.4375 0.671875 0.178125 0.3484375
0 0.34296875 0.3671875 0.05 0.065625
0 0.346875 0.3234375 0.0390625 0.040625
0 0.36640625 0.3234375 0.046875 0.05625
0 0.44453125 0.50859375 0.1421875 0.14375
0 0.36171875 0.28203125 0.0328125 0.0453125
0 0.37421875 0.290625 0.0421875 0.0484375
0 0.421875 0.4578125 0.0875 0.115625
0 0.40078125 0.2703125 0.065625 0.1125
0 0.44765625 0.409375 0.0734375 0.09375
0 0.44609375 0.353125 0.065625 0.0625
0 0.45625 0.334375 0.0796875 0.0875
0 0.44609375 0.2921875 0.0671875 0.0578125
0 0.45625 0.303125 0.0609375 0.05625
0 0.45859375 0.24921875 0.0453125 0.0484375
0 0.46640625 0.26953125 0.05625 0.0578125
0 0.4578125 0.2375 0.0296875 0.0375
0 0.4734375 0.20546875 0.040625 0.071875
0 0.52265625 0.27578125 0.03125 0.0328125
0 0.53984375 0.27578125 0.0640625 0.053125
0 0.528125 0.25859375 0.04375 0.0421875
0 0.5203125 0.2453125 0.021875 0.021875
0 0.53828125 0.3078125 0.04375 0.0625
0 0.52421875 0.22421875 0.0375 0.034375
0 0.59296875 0.4515625 0.1078125 0.1640625
0 0.5609375 0.30625 0.0765625 0.0734375
0 0.58359375 0.36484375 0.1 0.1
0 0.5578125 0.340625 0.0484375 0.06875
0 0.58984375 0.3890625 0.103125 0.1140625
0 0.640625 0.49765625 0.134375 0.146875
0 0.67265625 0.6265625 0.171875 0.290625
0 0.59140625 0.2234375 0.046875 0.05625
0 0.615625 0.2453125 0.046875 0.05625
0 0.628125 0.26484375 0.05625 0.0578125
0 0.63828125 0.28515625 0.053125 0.071875
0 0.6578125 0.3 0.053125 0.0671875
0 0.6796875 0.31328125 0.0578125 0.0671875
0 0.703125 0.33984375 0.0765625 0.0921875
0 0.734375 0.36796875 0.09375 0.096875
0 0.7734375 0.4296875 0.0953125 0.140625
0 0.81171875 0.459375 0.0921875 0.1328125
0 0.90234375 0.584375 0.1953125 0.253125
0 0.87265625 0.42734375 0.1078125 0.15625