0 0.01328125 0.60546875 0.0265625 0.0484375
0 0.0140625 0.2359375 0.028125 0.040625
0 0.01796875 0.271875 0.0359375 0.084375
0 0.05859375 0.490625 0.1171875 0.125
0 0.040625 0.234375 0.0359375 0.05546875
0 0.0796875 0.17421875 0.0265625 0.0453125
0 0.0953125 0.178125 0.0359375 0.0484375
0 0.1828125 0.6390625 0.134375 0.26953125
0 0.13671875 0.16796875 0.03125 0.05078125
0 0.20703125 0.3859375 0.0625 0.12734375
0 0.20546875 0.2171875 0.0453125 0.06953125
0 0.24296875 0.50703125 0.1078125 0.12734375
0 0.2515625 0.33984375 0.05546875 0.071875
0 0.2484375 0.1828125 0.02421875 0.04296875
0 0.2921875 0.46484375 0.103125 0.13203125
0 0.2671875 0.31875 0.040625 0.0625
0 0.30546875 0.28125 0.0359375 0.0578125
0 0.3375 0.36875 0.07421875 0.0765625
0 0.33671875 0.39921875 0.06015625 0.0984375
0 0.3265625 0.2703125 0.03359375 0.0359375
0 0.3421875 0.2671875 0.040625 0.0484375
0 0.3765625 0.178125 0.0671875 0.06953125
0 0.40859375 0.65859375 0.12265625 0.33203125
0 0.36875 0.3421875 0.040625 0.06015625
0 0.3796875 0.29921875 0.03359375 0.0359375
0 0.39921875 0.303125 0.03828125 0.05078125
0 0.44375 0.4984375 0.12265625 0.125
0 0.4015625 0.2609375 0.0265625 0.040625
0 0.4125 0.271875 0.0359375 0.04296875
0 0.43046875 0.44453125 0.06953125 0.10546875
0 0.4421875 0.25625 0.0484375 0.10546875
0 0.4640625 0.4015625 0.06015625 0.084375
0 0.47265625 0.34609375 0.0578125 0.053125
0 0.4859375 0.3296875 0.0671875 0.0765625
0 0.4828125 0.2859375 0.06015625 0.0484375
0 0.49140625 0.2984375 0.053125 0.0484375
0 0.50234375 0.24609375 0.03828125 0.04296875
0 0.50703125 0.2671875 0.0484375 0.05078125
0 0.50390625 0.234375 0.02421875 0.03359375
0 0.525 0.20546875 0.02890625 0.0671875
0 0.5609375 0.2828125 0.0265625 0.02890625
0 0.578125 0.2859375 0.0578125 0.04296875
0 0.56953125 0.2671875 0.03828125 0.0359375
0 0.5640625 0.25234375 0.01953125 0.01953125
0 0.57109375 0.3171875 0.03359375 0.0578125
0 0.571875 0.2328125 0.03359375 0.02890625
0 0.6 0.46875 0.08203125 0.1515625
0 0.59375 0.31953125 0.0671875 0.0625
0 0.60546875 0.38125 0.08671875 0.08671875
0 0.584375 0.353125 0.03828125 0.0625
0 0.6078125 0.40625 0.08671875 0.10078125
0 0.6390625 0.521875 0.11328125 0.1296875
0 0.64765625 0.6546875 0.12734375 0.271875
0 0.63828125 0.24375 0.03828125 0.05078125
0 0.6578125 0.26953125 0.03828125 0.05078125
0 0.6671875 0.290625 0.0484375 0.05078125
0 0.6734375 0.3125 0.04296875 0.06484375
0 0.68984375 0.33046875 0.04296875 0.06015625
0 0.709375 0.34765625 0.0484375 0.06015625
0 0.728125 0.37734375 0.0625 0.08203125
0 0.75390625 0.4109375 0.0796875 0.084375
0 0.78125 0.478125 0.07421875 0.1296875
0 0.8140625 0.5140625 0.071875 0.12265625
0 0.890625 0.6546875 0.178125 0.22578125
0 0.8796875 0.49296875 0.084375 0.14453125