3 0.9765625 0.44375 0.046875 0.08125
6 0.815625 0.4546875 0.03125 0.109375
6 0.1109375 0.4640625 0.040625 0.109375
6 0.034375 0.465625 0.0375 0.10625
6 0.853125 0.46875 0.0375 0.10625
6 0.3703125 0.4703125 0.034375 0.103125
6 0.40625 0.471875 0.0375 0.10625
6 0.44375 0.471875 0.0375 0.10625
6 0.9515625 0.484375 0.059375 0.1625
6 0.521875 0.4921875 0.075 0.178125
6 0.64375 0.5375 0.11875 0.2625
0 0.5171875 0.540625 0.078125 0.1375
6 0.9125 0.5671875 0.0875 0.284375
6 0.2375 0.5671875 0.23125 0.440625
0 0.6375 0.640625 0.11875 0.225
0 0.2359375 0.684375 0.259375 0.29375