0 0.70625 0.0953125 0.1109375 0.1421875
0 0.28671875 0.2140625 0.1234375 0.115625
0 0.3484375 0.28984375 0.1171875 0.128125
0 0.41953125 0.36484375 0.140625 0.14375
0 0.384375 0.1734375 0.078125 0.1015625
0 0.4796875 0.434375 0.1140625 0.1484375
0 0.43203125 0.24296875 0.08125 0.10625
0 0.51484375 0.215625 0.090625 0.1171875
0 0.55859375 0.37578125 0.0625 0.125
0 0.56484375 0.271875 0.0734375 0.078125
0 0.6296875 0.346875 0.0765625 0.1171875
0 0.7046875 0.303125 0.08125 0.1296875
0 0.72890625 0.14296875 0.075 0.0875
0 0.778125 0.19609375 0.071875 0.0875
0 0.81484375 0.2734375 0.065625 0.1
0 0.809375 0.06953125 0.0921875 0.0828125
0 0.84453125 0.1234375 0.0890625 0.1046875
0 0.88203125 0.18046875 0.0890625 0.1