0 0.790625 0.5296875 0.06484375 0.2046875
0 0.25234375 0.57578125 0.053125 0.240625
0 0.3125 0.584375 0.0578125 0.2328125
0 0.3546875 0.6046875 0.053125 0.228125
0 0.41953125 0.59609375 0.05546875 0.196875
0 0.46484375 0.54453125 0.05546875 0.2359375
0 0.50234375 0.571875 0.0890625 0.209375
0 0.57109375 0.5671875 0.05078125 0.22109375
0 0.62109375 0.56953125 0.05078125 0.22578125
0 0.68125 0.50625 0.05546875 0.20703125
0 0.73203125 0.5140625 0.06953125 0.21171875
0 0.86875 0.521875 0.0671875 0.22109375