6 0.8671875 0.4484375 0.065625 0.209375
6 0.9859375 0.4625 0.028125 0.23125
6 0.9265625 0.4640625 0.103125 0.278125
6 0.740625 0.4765625 0.08125 0.303125
6 0.6484375 0.484375 0.134375 0.35
6 0.803125 0.4859375 0.06875 0.265625
6 0.1375 0.5171875 0.175 0.446875
6 0.25 0.521875 0.1 0.36875
3 0.5546875 0.525 0.134375 0.1875
6 0.41875 0.5296875 0.18125 0.415625
0 0.7890625 0.5421875 0.046875 0.171875
0 0.73125 0.5484375 0.06875 0.190625
0 0.925 0.5515625 0.09375 0.190625
0 0.653125 0.5796875 0.1 0.240625
0 0.4234375 0.6390625 0.121875 0.271875
0 0.15 0.6421875 0.15 0.303125