0 0.878125 0.7 0.0875 0.20625
0 0.7515625 0.6734375 0.115625 0.209375
0 0.628125 0.653125 0.11875 0.203125
0 0.528125 0.64375 0.10625 0.184375
0 0.2203125 0.6265625 0.121875 0.178125
0 0.325 0.6328125 0.1 0.175
0 0.4328125 0.6265625 0.115625 0.190625
0 0.10625 0.628125 0.153125 0.171875
6 0.4390625 0.559375 0.115625 0.3125
6 0.2296875 0.5578125 0.115625 0.265625
6 0.1171875 0.5484375 0.121875 0.246875
6 0.3296875 0.5484375 0.109375 0.265625
6 0.540625 0.571875 0.1 0.30625
6 0.753125 0.5953125 0.13125 0.328125
6 0.6359375 0.5921875 0.115625 0.303125
6 0.884375 0.5953125 0.1375 0.359375