6 0.7828125 0.4375 0.040625 0.1
3 0.4890625 0.44375 0.171875 0.08125
3 0.6265625 0.4484375 0.096875 0.065625
6 0.8390625 0.4515625 0.053125 0.128125
3 0.196875 0.453125 0.2625 0.0875
0 0.7875 0.553125 0.0875 0.15
0 0.328125 0.6046875 0.14375 0.253125
0 0.415625 0.6078125 0.10625 0.234375
0 0.471875 0.6078125 0.1375 0.265625
0 0.6046875 0.6140625 0.109375 0.271875
0 0.1203125 0.6171875 0.159375 0.203125
0 0.1890625 0.6171875 0.128125 0.209375
0 0.73125 0.6203125 0.14375 0.284375
0 0.5015625 0.6265625 0.071875 0.203125