0 0.2015625 0.6015625 0.1 0.29375
0 0.6046875 0.61875 0.021875 0.06875
0 0.4265625 0.6796875 0.078125 0.18125
0 0.2046875 0.6734375 0.06875 0.175
0 0.4875 0.6625 0.05 0.15
0 0.5625 0.6671875 0.078125 0.178125
0 0.6828125 0.6609375 0.06875 0.15625
0 0.8109375 0.6671875 0.0875 0.196875
0 0.309375 0.6625 0.059375 0.14375
6 0.4921875 0.590625 0.065625 0.20625
6 0.621875 0.578125 0.04375 0.15
6 0.5625 0.5953125 0.0875 0.259375
6 0.425 0.6 0.1 0.24375
6 0.3109375 0.596875 0.078125 0.225
6 0.6796875 0.5890625 0.084375 0.234375
6 0.2015625 0.5796875 0.109375 0.259375
6 0.8 0.5828125 0.1125 0.309375