6 0.6015625 0.4890625 0.078125 0.209375
6 0.6953125 0.5375 0.134375 0.3125
6 0.9328125 0.553125 0.096875 0.24375
6 0.8203125 0.5703125 0.115625 0.340625
6 0.4328125 0.575 0.084375 0.31875
6 0.521875 0.5890625 0.14375 0.378125
6 0.3515625 0.5921875 0.115625 0.340625
6 0.0875 0.628125 0.175 0.5125
0 0.8125 0.678125 0.1 0.2375
0 0.740625 0.6828125 0.0625 0.209375
0 0.60625 0.684375 0.075 0.21875
0 0.340625 0.6953125 0.06875 0.221875
0 0.7125 0.709375 0.10625 0.2625
0 0.5125 0.7203125 0.09375 0.240625