3 0.9640625 0.3171875 0.071875 0.065625
3 0.84375 0.3359375 0.08125 0.078125
3 0.65625 0.3625 0.05 0.05
3 0.709375 0.375 0.075 0.0625
3 0.8 0.421875 0.075 0.08125
3 0.4515625 0.45 0.090625 0.08125
5 0.78125 0.45 0.0375 0.05625
3 0.83125 0.49375 0.1 0.09375
6 0.603125 0.496875 0.04375 0.09375
0 0.603125 0.5171875 0.03125 0.065625
0 0.53125 0.528125 0.05 0.0625
0 0.3828125 0.54375 0.109375 0.06875
0 0.20625 0.55625 0.1 0.0625
6 0.803125 0.746875 0.06875 0.13125
5 0.8015625 0.778125 0.065625 0.0875
2 0.8265625 0.23125 0.084375 0.1
1 0.5921875 0.234375 0.075 0.0625
3 0.9125 0.2890625 0.06875 0.071875
3 0.7609375 0.296875 0.065625 0.05