0 0.2546875 0.74296875 0.12734375 0.2359375
0 0.06015625 0.10546875 0.09375 0.146875
0 0.0609375 0.4359375 0.09140625 0.146875
0 0.1234375 0.1734375 0.1109375 0.1734375
0 0.1453125 0.56640625 0.10546875 0.15859375
0 0.2015625 0.04453125 0.10546875 0.0890625
0 0.22265625 0.25234375 0.134375 0.2140625
0 0.271875 0.06875 0.09609375 0.13671875
0 0.2921875 0.09140625 0.10546875 0.11328125
0 0.36640625 0.37734375 0.15859375 0.2671875
0 0.39765625 0.928125 0.14921875 0.1421875
0 0.38359375 0.1578125 0.0984375 0.16796875
0 0.43515625 0.1765625 0.1203125 0.1296875
0 0.52890625 0.5515625 0.18984375 0.334375
0 0.5359375 0.271875 0.11796875 0.2046875
0 0.5984375 0.2984375 0.1296875 0.1515625
0 0.6875 0.109375 0.1390625 0.19921875
0 0.77734375 0.7875 0.2328125 0.40859375
0 0.740625 0.39765625 0.1421875 0.2546875
0 0.83203125 0.4484375 0.14921875 0.18515625
0 0.94140625 0.2078125 0.11328125 0.19453125
0 0.95546875 0.5984375 0.08671875 0.28359375