0 0.7453125 0.74296875 0.128125 0.2359375
0 0.93984375 0.10546875 0.09375 0.146875
0 0.9390625 0.4359375 0.090625 0.146875
0 0.8765625 0.1734375 0.1109375 0.1734375
0 0.8546875 0.56640625 0.10625 0.159375
0 0.7984375 0.04453125 0.10625 0.0890625
0 0.77734375 0.25234375 0.134375 0.2140625
0 0.728125 0.06875 0.096875 0.1375
0 0.7078125 0.09140625 0.10625 0.1125
0 0.63359375 0.37734375 0.159375 0.2671875
0 0.60234375 0.928125 0.15 0.1421875
0 0.61640625 0.1578125 0.0984375 0.16875
0 0.56484375 0.1765625 0.1203125 0.1296875
0 0.47109375 0.5515625 0.190625 0.334375
0 0.4640625 0.271875 0.11875 0.2046875
0 0.4015625 0.2984375 0.1296875 0.1515625
0 0.3125 0.109375 0.1390625 0.2
0 0.22265625 0.7875 0.2328125 0.409375
0 0.259375 0.39765625 0.1421875 0.2546875
0 0.16796875 0.4484375 0.15 0.184375
0 0.05859375 0.2078125 0.1125 0.19375
0 0.04453125 0.5984375 0.0875 0.284375