6 0.2671875 0.35 0.059375 0.1375
6 0.128125 0.4 0.08125 0.11875
0 0.771875 0.4171875 0.13125 0.090625
6 0.2 0.4234375 0.075 0.171875
6 0.9671875 0.4765625 0.065625 0.265625
6 0.6734375 0.48125 0.059375 0.20625
0 0.3484375 0.4953125 0.190625 0.115625
6 0.0703125 0.503125 0.096875 0.14375
6 0.3890625 0.509375 0.134375 0.2625
6 0.6109375 0.5578125 0.128125 0.259375
0 0.3546875 0.5984375 0.259375 0.196875
6 0.1625 0.6359375 0.2 0.328125
0 0.5921875 0.640625 0.265625 0.1625
0 0.2140625 0.74375 0.278125 0.19375