6 0.0375 0.525 0.075 0.21875
6 0.546875 0.546875 0.075 0.1875
6 0.325 0.5484375 0.1125 0.265625
6 0.8578125 0.55 0.046875 0.13125
6 0.678125 0.5515625 0.0625 0.171875
6 0.4578125 0.55625 0.084375 0.26875
6 0.621875 0.5578125 0.05625 0.184375
6 0.8109375 0.5625 0.065625 0.175
6 0.1640625 0.5671875 0.071875 0.215625
6 0.75625 0.5734375 0.06875 0.209375
0 0.809375 0.5859375 0.06875 0.128125
6 0.9734375 0.5953125 0.053125 0.240625
0 0.6359375 0.6015625 0.090625 0.134375
0 0.553125 0.6046875 0.0875 0.146875
0 0.1453125 0.6203125 0.221875 0.153125
0 0.3015625 0.6234375 0.065625 0.178125