0 0.40546875 0.3140625 0.1578125 0.2734375
0 0.021875 0.71640625 0.04375 0.2171875
0 0.05390625 0.71171875 0.1078125 0.1421875
0 0.04609375 0.82421875 0.0921875 0.1453125
0 0.1671875 0.31328125 0.1640625 0.3609375
0 0.1609375 0.8265625 0.1484375 0.21875
0 0.17578125 0.73984375 0.1140625 0.165625
0 0.26171875 0.771875 0.1328125 0.175
0 0.26328125 0.88671875 0.146875 0.153125
0 0.3953125 0.7640625 0.13125 0.2640625
0 0.57734375 0.39453125 0.21875 0.35
0 0.4828125 0.8515625 0.1265625 0.209375
0 0.51796875 0.75234375 0.1125 0.18125
0 0.575 0.8453125 0.1390625 0.209375
0 0.74140625 0.3609375 0.140625 0.25625
0 0.684375 0.853125 0.1328125 0.1703125
0 0.73125 0.78984375 0.1 0.1734375
0 0.728125 0.9328125 0.128125 0.134375
0 0.89375 0.42109375 0.15 0.278125
0 0.80703125 0.80859375 0.128125 0.18125
0 0.83203125 0.9421875 0.1265625 0.115625
0 0.9421875 0.4890625 0.115625 0.278125