0 0.0125 0.81171875 0.025 0.2359375
0 0.0578125 0.84296875 0.115625 0.2015625
0 0.1640625 0.378125 0.1453125 0.359375
0 0.14375 0.871875 0.153125 0.175
0 0.3109375 0.44609375 0.15 0.284375
0 0.3265625 0.87890625 0.140625 0.2125
0 0.48203125 0.4171875 0.253125 0.409375
0 0.3734375 0.73828125 0.0640625 0.1265625
0 0.39140625 0.921875 0.125 0.14375
0 0.4828125 0.7359375 0.0765625 0.11875
0 0.48671875 0.94765625 0.0921875 0.1046875
0 0.56015625 0.790625 0.1 0.2328125
0 0.65234375 0.78125 0.0796875 0.184375
0 0.72734375 0.77734375 0.0578125 0.0984375