0 0.02890625 0.88203125 0.0578125 0.23046875
0 0.1078125 0.90234375 0.09609375 0.18984375
0 0.15 0.42578125 0.0984375 0.3484375
0 0.19921875 0.91796875 0.13203125 0.15859375
0 0.30546875 0.47265625 0.11328125 0.271875
0 0.38125 0.89921875 0.11328125 0.19921875
0 0.4703125 0.4203125 0.2015625 0.384375
0 0.4078125 0.75390625 0.0484375 0.1203125
0 0.45078125 0.9328125 0.1078125 0.1296875
0 0.515625 0.7359375 0.0625 0.1109375
0 0.54921875 0.9484375 0.0796875 0.10078125
0 0.6 0.7796875 0.06953125 0.22578125
0 0.68984375 0.75703125 0.05546875 0.178125
0 0.7640625 0.74296875 0.0453125 0.09375