0 0.9375 0.5953125 0.125 0.284375
0 0.97578125 0.75390625 0.0484375 0.3046875
0 0.88203125 0.65703125 0.0671875 0.2125
0 0.88203125 0.69453125 0.0640625 0.221875
0 0.84453125 0.54609375 0.040625 0.0890625
0 0.7375 0.471875 0.209375 0.1875
0 0.85859375 0.70546875 0.0765625 0.2515625
0 0.84609375 0.746875 0.0515625 0.1578125
0 0.796875 0.67890625 0.0703125 0.221875
0 0.77734375 0.73125 0.078125 0.246875
0 0.73046875 0.628125 0.0625 0.20625
0 0.75859375 0.83671875 0.071875 0.2390625
0 0.71171875 0.63125 0.0546875 0.1875
0 0.690625 0.6859375 0.0609375 0.159375
0 0.71640625 0.8328125 0.0734375 0.2609375
0 0.65234375 0.65234375 0.0578125 0.1703125
0 0.61953125 0.659375 0.04375 0.121875
0 0.58828125 0.771875 0.034375 0.084375
0 0.56640625 0.66875 0.04375 0.1328125
0 0.55546875 0.77734375 0.0484375 0.084375
0 0.59375 0.959375 0.0328125 0.0609375
0 0.51953125 0.61171875 0.0390625 0.1328125
0 0.50703125 0.60546875 0.0421875 0.13125
0 0.5203125 0.74375 0.053125 0.134375
0 0.490625 0.625 0.0484375 0.134375
0 0.4578125 0.7015625 0.115625 0.2453125
0 0.4609375 0.8890625 0.08125 0.221875
0 0.44453125 0.95390625 0.0515625 0.0921875
0 0.40859375 0.9515625 0.0640625 0.096875
0 0.3703125 0.784375 0.0640625 0.1890625
0 0.32109375 0.60078125 0.0265625 0.0796875
0 0.32578125 0.715625 0.0453125 0.15
0 0.3 0.72109375 0.053125 0.1765625
0 0.19296875 0.6625 0.0265625 0.0828125
0 0.159375 0.70078125 0.025 0.06875
0 0.14296875 0.71640625 0.0296875 0.096875
0 0.17890625 0.953125 0.0703125 0.09375
0 0.1328125 0.71953125 0.03125 0.1015625
0 0.1421875 0.92421875 0.06875 0.1515625
0 0.1234375 0.9421875 0.0625 0.115625
0 0.1015625 0.93515625 0.0625 0.1296875