0 0.0140625 0.3609375 0.028125 0.271875
0 0.02421875 0.3328125 0.0484375 0.31484375
0 0.115625 0.3609375 0.06484375 0.26953125
0 0.13125 0.32578125 0.0796875 0.3296875
0 0.20703125 0.35234375 0.08671875 0.290625
0 0.24375 0.35546875 0.09140625 0.290625
0 0.27265625 0.3609375 0.040625 0.26953125
0 0.41796875 0.48046875 0.3078125 0.8484375
0 0.4 0.3546875 0.05078125 0.12734375
0 0.66328125 0.58203125 0.55078125 0.740625
0 0.4359375 0.328125 0.0578125 0.26953125
0 0.50859375 0.32578125 0.0671875 0.290625
0 0.5171875 0.24609375 0.06484375 0.084375
0 0.56953125 0.34375 0.10546875 0.31953125
0 0.60546875 0.3453125 0.07421875 0.31484375
0 0.6734375 0.34765625 0.10078125 0.2953125
0 0.7046875 0.38828125 0.12265625 0.46640625
0 0.80390625 0.33984375 0.07421875 0.29296875
0 0.83671875 0.34375 0.06953125 0.31953125
0 0.91328125 0.33515625 0.084375 0.3171875
0 0.98046875 0.33984375 0.0359375 0.3296875