0 0.9421875 0.25546875 0.0890625 0.271875
0 0.92578125 0.2296875 0.11875 0.3171875
0 0.84296875 0.278125 0.1234375 0.2765625
0 0.8203125 0.24765625 0.1515625 0.3390625
0 0.75234375 0.28984375 0.15 0.303125
0 0.7171875 0.3015625 0.1546875 0.303125
0 0.690625 0.31328125 0.1 0.271875
0 0.57578125 0.4625 0.490625 0.8953125
0 0.56484375 0.3359375 0.078125 0.1359375
0 0.359375 0.596875 0.703125 0.80625
0 0.5234375 0.31796875 0.1171875 0.275
0 0.45234375 0.33203125 0.13125 0.2984375
0 0.42578125 0.25625 0.0828125 0.096875
0 0.396875 0.36328125 0.175 0.334375
0 0.3625 0.37265625 0.14375 0.3234375
0 0.296875 0.390625 0.1640625 0.3109375
0 0.27578125 0.4375 0.225 0.4828125
0 0.16796875 0.4125 0.1375 0.3015625
0 0.13671875 0.4234375 0.1390625 0.3265625
0 0.06796875 0.43125 0.1359375 0.328125
0 0.025 0.45234375 0.05 0.3296875