0 0.76796875 0.7984375 0.396875 0.4
0 0.52890625 0.81953125 0.0359375 0.115625
0 0.51796875 0.6609375 0.0171875 0.0484375
0 0.50625 0.803125 0.028125 0.125
0 0.49765625 0.74765625 0.01875 0.0890625
0 0.49375 0.6546875 0.0171875 0.0484375
0 0.48203125 0.7515625 0.00625 0.090625
0 0.4625 0.81875 0.0265625 0.121875
0 0.46484375 0.7140625 0.0125 0.06875
0 0.4265625 0.8015625 0.021875 0.103125
0 0.41328125 0.7125 0.021875 0.0671875
0 0.396875 0.7875 0.03125 0.1078125
0 0.35234375 0.72265625 0.021875 0.08125
0 0.33046875 0.71015625 0.0140625 0.084375
0 0.31953125 0.7203125 0.0171875 0.075
0 0.25 0.8546875 0.03125 0.146875
0 0.171875 0.7296875 0.034375 0.059375
0 0.165625 0.8703125 0.04375 0.175
0 0.1 0.74609375 0.025 0.059375
0 0.0171875 0.7703125 0.03125 0.059375
0 0.00625 0.8890625 0.00625 0.0625