6 0.5609375 0.4859375 0.071875 0.121875
6 0.615625 0.503125 0.0625 0.125
6 0.16875 0.5234375 0.05 0.103125
6 0.409375 0.528125 0.08125 0.15
6 0.715625 0.534375 0.1 0.15
6 0.8453125 0.5453125 0.109375 0.209375
6 0.121875 0.5546875 0.08125 0.178125
6 0.21875 0.5625 0.1 0.175
6 0.471875 0.56875 0.1 0.2
6 0.690625 0.571875 0.15 0.225
6 0.9609375 0.5828125 0.078125 0.271875
6 0.0734375 0.6046875 0.071875 0.253125
0 0.465625 0.6328125 0.23125 0.184375
0 0.2734375 0.634375 0.140625 0.18125
0 0.9125 0.64375 0.175 0.16875
0 0.1125 0.6546875 0.225 0.171875
0 0.6796875 0.6578125 0.196875 0.203125