0 0.1578125 0.56953125 0.1875 0.85546875
0 0.5046875 0.68515625 0.228125 0.46640625
0 0.46640625 0.4640625 0.12734375 0.18046875
0 0.4796875 0.66953125 0.1203125 0.50234375
0 0.4421875 0.4125 0.040625 0.08671875
0 0.63125 0.4703125 0.071875 0.15859375
0 0.65390625 0.3890625 0.040625 0.0765625
0 0.67578125 0.4046875 0.03359375 0.09609375
0 0.74609375 0.62734375 0.09140625 0.5265625
0 0.7796875 0.33671875 0.08671875 0.259375
0 0.8484375 0.475 0.103125 0.240625
0 0.9234375 0.53515625 0.1515625 0.3296875