0 0.33046875 0.6359375 0.0578125 0.20703125
0 0.040625 0.634375 0.053125 0.1421875
0 0.07578125 0.63203125 0.0265625 0.09375
0 0.22734375 0.63359375 0.05546875 0.1875
0 0.2765625 0.62890625 0.0484375 0.09140625
0 0.3703125 0.5578125 0.01953125 0.04296875
0 0.4078125 0.57109375 0.02421875 0.0890625
0 0.46484375 0.5296875 0.0265625 0.04296875
0 0.4953125 0.57109375 0.01171875 0.07421875
0 0.5609375 0.58671875 0.02421875 0.12265625
0 0.5890625 0.57578125 0.02890625 0.10078125
0 0.5828125 0.5453125 0.01171875 0.03828125
0 0.61171875 0.540625 0.0171875 0.03828125
0 0.634375 0.55390625 0.0171875 0.06484375
0 0.66484375 0.5359375 0.01171875 0.02421875
0 0.67890625 0.59765625 0.0359375 0.08671875
0 0.79296875 0.61796875 0.0359375 0.13671875
0 0.8375 0.57578125 0.03359375 0.0671875