0 0.66953125 0.6359375 0.0578125 0.20625
0 0.959375 0.634375 0.053125 0.1421875
0 0.92421875 0.63203125 0.0265625 0.09375
0 0.77265625 0.63359375 0.05625 0.1875
0 0.7234375 0.62890625 0.0484375 0.090625
0 0.6296875 0.5578125 0.01875 0.04375
0 0.5921875 0.57109375 0.025 0.0890625
0 0.53515625 0.5296875 0.0265625 0.04375
0 0.5046875 0.57109375 0.0125 0.075
0 0.4390625 0.58671875 0.025 0.121875
0 0.4109375 0.57578125 0.028125 0.1
0 0.4171875 0.5453125 0.0125 0.0375
0 0.38828125 0.540625 0.0171875 0.0375
0 0.365625 0.55390625 0.0171875 0.065625
0 0.33515625 0.5359375 0.0125 0.025
0 0.32109375 0.59765625 0.0359375 0.0875
0 0.20703125 0.61796875 0.0359375 0.1375
0 0.1625 0.57578125 0.034375 0.0671875