0 0.01171875 0.4234375 0.0234375 0.125
0 0.05859375 0.4625 0.04296875 0.2953125
0 0.1 0.40390625 0.02421875 0.06953125
0 0.1453125 0.46875 0.08203125 0.30546875
0 0.18359375 0.38828125 0.04296875 0.09140625
0 0.2171875 0.4359375 0.03359375 0.17578125
0 0.2546875 0.41796875 0.021875 0.1203125
0 0.396875 0.5015625 0.2765625 0.4640625
0 0.27265625 0.4 0.01171875 0.0671875
0 0.2859375 0.39765625 0.0140625 0.071875
0 0.459375 0.43125 0.04296875 0.2015625
0 0.48828125 0.34140625 0.0140625 0.03359375
0 0.89921875 0.40859375 0.196875 0.134375
0 0.95703125 0.41328125 0.03828125 0.1421875