0 0.98828125 0.43125 0.0234375 0.125
0 0.9421875 0.4703125 0.0484375 0.2953125
0 0.9015625 0.4109375 0.025 0.0703125
0 0.85546875 0.475 0.0875 0.30625
0 0.81796875 0.39375 0.0453125 0.0921875
0 0.78359375 0.440625 0.0359375 0.1765625
0 0.746875 0.421875 0.0234375 0.1203125
0 0.603125 0.503125 0.284375 0.46875
0 0.72890625 0.40390625 0.0125 0.0671875
0 0.715625 0.4015625 0.015625 0.071875
0 0.5421875 0.43203125 0.046875 0.2015625
0 0.51484375 0.34140625 0.0140625 0.034375
0 0.10234375 0.4015625 0.1984375 0.1375
0 0.04453125 0.40546875 0.040625 0.1421875