0 0.11484375 0.06796875 0.0765625 0.1359375
0 0.15234375 0.08125 0.0796875 0.1421875
0 0.0515625 0.8015625 0.103125 0.215625
0 0.1984375 0.284375 0.109375 0.2046875
0 0.246875 0.0984375 0.06875 0.1515625
0 0.23203125 0.36953125 0.1265625 0.228125
0 0.29609375 0.03046875 0.0421875 0.0609375
0 0.2625 0.278125 0.090625 0.171875
0 0.31796875 0.12734375 0.0640625 0.121875
0 0.290625 0.41328125 0.159375 0.2703125
0 0.40546875 0.134375 0.0703125 0.1453125
0 0.4421875 0.02421875 0.046875 0.0484375
0 0.43828125 0.1625 0.0546875 0.1015625
0 0.47265625 0.03515625 0.0515625 0.0703125
0 0.48515625 0.07265625 0.05 0.1203125
0 0.48828125 0.1875 0.0671875 0.1125
0 0.56953125 0.06484375 0.0859375 0.1296875
0 0.55625 0.1765625 0.090625 0.1453125
0 0.4609375 0.68984375 0.16875 0.3296875
0 0.54921875 0.52265625 0.1125 0.190625
0 0.63046875 0.08515625 0.0578125 0.125
0 0.64765625 0.078125 0.0515625 0.1140625
0 0.64140625 0.19765625 0.0671875 0.134375
0 0.6953125 0.06171875 0.040625 0.0625
0 0.60703125 0.4625 0.0484375 0.0578125
0 0.59921875 0.56484375 0.090625 0.2296875
0 0.71796875 0.0671875 0.0359375 0.0625
0 0.62421875 0.58828125 0.059375 0.1484375
0 0.68828125 0.4171875 0.090625 0.1359375
0 0.6421875 0.659375 0.1296875 0.2578125
0 0.740625 0.13359375 0.0484375 0.1015625
0 0.6890625 0.5828125 0.1421875 0.2765625
0 0.83359375 0.1046875 0.153125 0.109375
0 0.78046875 0.2734375 0.065625 0.1328125
0 0.8046875 0.18125 0.05 0.09375
0 0.82578125 0.2296875 0.065625 0.121875
0 0.8875 0.1515625 0.04375 0.1015625
0 0.82734375 0.8578125 0.240625 0.253125
0 0.91015625 0.16171875 0.05625 0.1078125
0 0.9265625 0.23203125 0.06875 0.1328125
0 0.7875 0.92265625 0.128125 0.1546875
0 0.92109375 0.403125 0.0609375 0.09375
0 0.95859375 0.24375 0.0609375 0.1609375
0 0.909375 0.5390625 0.0953125 0.221875
0 0.946875 0.48125 0.0984375 0.2046875
0 0.9796875 0.25703125 0.040625 0.1421875