0 0.0359375 0.89921875 0.071875 0.19921875
0 0.0265625 0.1578125 0.0453125 0.14453125
0 0.0171875 0.0578125 0.02421875 0.040625
0 0.0421875 0.04296875 0.02890625 0.08203125
0 0.0671875 0.1703125 0.05078125 0.134375
0 0.053125 0.03984375 0.01953125 0.0796875
0 0.0828125 0.04453125 0.02890625 0.08671875
0 0.115625 0.89921875 0.09375 0.19921875
0 0.1578125 0.3578125 0.0671875 0.19453125
0 0.16328125 0.165625 0.0359375 0.146875
0 0.209375 0.4328125 0.0796875 0.21640625
0 0.19140625 0.0671875 0.01953125 0.103125
0 0.21875 0.3375 0.05546875 0.16328125
0 0.2390625 0.178125 0.03828125 0.115625
0 0.2765625 0.4625 0.10546875 0.25234375
0 0.32578125 0.16484375 0.040625 0.1390625
0 0.334375 0.03984375 0.03359375 0.0625
0 0.3640625 0.18515625 0.03359375 0.09609375
0 0.36796875 0.0484375 0.0359375 0.07421875
0 0.3890625 0.08671875 0.02421875 0.11796875
0 0.41796875 0.1984375 0.0453125 0.10546875
0 0.4703125 0.06015625 0.06015625 0.1203125
0 0.48203125 0.171875 0.0625 0.134375
0 0.5046875 0.69375 0.10078125 0.31484375
0 0.553125 0.5109375 0.07421875 0.178125
0 0.53359375 0.06640625 0.03125 0.1203125
0 0.54921875 0.05546875 0.0265625 0.1109375
0 0.56953125 0.1734375 0.03828125 0.1296875
0 0.59140625 0.02890625 0.02890625 0.0578125
0 0.59609375 0.4390625 0.03828125 0.05078125
0 0.6109375 0.540625 0.040625 0.22578125
0 0.61484375 0.0296875 0.0234375 0.059375
0 0.640625 0.5578125 0.0265625 0.146875
0 0.66484375 0.37734375 0.06484375 0.125
0 0.67421875 0.6234375 0.0765625 0.24765625
0 0.65234375 0.0890625 0.0265625 0.0984375
0 0.703125 0.53828125 0.084375 0.2640625
0 0.7359375 0.03984375 0.1390625 0.0796875
0 0.72265625 0.21640625 0.03828125 0.12734375
0 0.725 0.12109375 0.03125 0.0890625
0 0.75625 0.16328125 0.040625 0.115625
0 0.79921875 0.0734375 0.021875 0.0984375
0 0.89921875 0.775 0.196875 0.2140625
0 0.8234375 0.078125 0.03359375 0.103125
0 0.85546875 0.14296875 0.040625 0.12734375
0 0.88359375 0.88203125 0.08203125 0.2140625
0 0.88828125 0.3109375 0.04296875 0.08671875
0 0.8890625 0.146875 0.0265625 0.15859375
0 0.9078125 0.44609375 0.0484375 0.21640625
0 0.93125 0.38125 0.05546875 0.196875
0 0.928125 0.15234375 0.04296875 0.13671875
0 0.978125 0.228125 0.03828125 0.10078125
0 0.97734375 0.07578125 0.021875 0.11328125