0 0.671875 0.86640625 0.1 0.2359375
0 0.0484375 0.55625 0.05 0.1265625
0 0.096875 0.5734375 0.046875 0.1140625
0 0.16015625 0.5796875 0.0375 0.115625
0 0.1984375 0.72734375 0.1078125 0.2046875
0 0.22890625 0.50703125 0.0296875 0.071875
0 0.26015625 0.56953125 0.05 0.109375
0 0.28359375 0.58203125 0.03125 0.090625
0 0.33359375 0.64375 0.0703125 0.15
0 0.3421875 0.5484375 0.040625 0.059375
0 0.44921875 0.71875 0.071875 0.175
0 0.4734375 0.7546875 0.0953125 0.1984375
0 0.484375 0.59375 0.0390625 0.078125
0 0.52109375 0.64375 0.04375 0.1140625
0 0.65703125 0.6265625 0.0359375 0.0890625
0 0.7109375 0.77578125 0.0609375 0.1578125
0 0.79140625 0.75546875 0.05 0.1546875
0 0.8328125 0.6140625 0.0296875 0.071875
0 0.85390625 0.815625 0.078125 0.19375
0 0.9359375 0.68046875 0.0484375 0.109375
0 0.96875 0.62890625 0.034375 0.0796875