0 0.72109375 0.8390625 0.06953125 0.228125
0 0.0609375 0.61875 0.03359375 0.12265625
0 0.1109375 0.62890625 0.03125 0.1109375
0 0.17421875 0.6265625 0.021875 0.11328125
0 0.2328125 0.7671875 0.08203125 0.19453125
0 0.2328125 0.54453125 0.01953125 0.06953125
0 0.271875 0.60234375 0.0359375 0.10546875
0 0.296875 0.61171875 0.01953125 0.0890625
0 0.35546875 0.665625 0.05078125 0.14453125
0 0.35078125 0.56953125 0.03359375 0.05546875
0 0.48046875 0.7234375 0.0484375 0.1703125
0 0.509375 0.75625 0.06953125 0.18984375
0 0.49765625 0.5953125 0.02890625 0.07421875
0 0.540625 0.6390625 0.02890625 0.1109375
0 0.6734375 0.603125 0.02421875 0.08671875
0 0.74765625 0.74375 0.040625 0.15390625
0 0.82421875 0.7125 0.02890625 0.1515625
0 0.8453125 0.56640625 0.01953125 0.06953125
0 0.89453125 0.76328125 0.053125 0.1875
0 0.95703125 0.61796875 0.03359375 0.10546875
0 0.98203125 0.5625 0.02421875 0.0765625