0 0.0828125 0.93984375 0.115625 0.1203125
0 0.01875 0.62578125 0.028125 0.1015625
0 0.0546875 0.82734375 0.075 0.2296875
0 0.04921875 0.653125 0.0453125 0.071875
0 0.09140625 0.61171875 0.034375 0.05
0 0.1125 0.64296875 0.0484375 0.0890625
0 0.2296875 0.9359375 0.103125 0.128125
0 0.3703125 0.78828125 0.4125 0.240625
0 0.23984375 0.64375 0.05625 0.1703125
0 0.31015625 0.6265625 0.0578125 0.1390625
0 0.37109375 0.63828125 0.0875 0.16875
0 0.4546875 0.6125 0.065625 0.159375
0 0.521875 0.6171875 0.071875 0.1984375
0 0.60078125 0.625 0.0625 0.2015625
0 0.653125 0.73046875 0.084375 0.3234375
0 0.68359375 0.36875 0.0734375 0.1203125
0 0.7296875 0.365625 0.053125 0.1109375
0 0.78828125 0.70859375 0.0734375 0.2890625
0 0.82890625 0.24609375 0.1953125 0.340625
0 0.8953125 0.8109375 0.209375 0.33125
0 0.85 0.63359375 0.103125 0.253125
0 0.953125 0.325 0.0796875 0.153125