0 0.053125 0.92578125 0.10546875 0.14453125
0 0.0109375 0.5921875 0.021875 0.10078125
0 0.0328125 0.7953125 0.06015625 0.22578125
0 0.03984375 0.62109375 0.040625 0.06953125
0 0.084375 0.5828125 0.03125 0.0484375
0 0.103125 0.615625 0.04296875 0.08671875
0 0.19921875 0.9265625 0.09375 0.14453125
0 0.35078125 0.77890625 0.39921875 0.2140625
0 0.23046875 0.625 0.0453125 0.16796875
0 0.3015625 0.61328125 0.0484375 0.13671875
0 0.36171875 0.62890625 0.0765625 0.16328125
0 0.446875 0.609375 0.05546875 0.15625
0 0.51328125 0.61875 0.0578125 0.19453125
0 0.59140625 0.63203125 0.0484375 0.19921875
0 0.63671875 0.740625 0.0625 0.31953125
0 0.6921875 0.38203125 0.06484375 0.115625
0 0.73828125 0.38203125 0.0453125 0.1078125
0 0.77265625 0.728125 0.053125 0.2859375
0 0.84609375 0.26953125 0.1734375 0.3296875
0 0.88671875 0.83984375 0.21640625 0.3171875
0 0.83984375 0.6578125 0.08671875 0.24765625
0 0.9640625 0.35703125 0.06953125 0.14921875