0 0.0265625 0.8140625 0.053125 0.103125
0 0.06953125 0.89453125 0.06015625 0.209375
0 0.11328125 0.89453125 0.0625 0.20703125
0 0.1875 0.9 0.0484375 0.196875
0 0.2078125 0.88671875 0.06015625 0.22109375
0 0.2875 0.8796875 0.06015625 0.2359375
0 0.303125 0.890625 0.0484375 0.21640625
0 0.33671875 0.89453125 0.0484375 0.20703125
0 0.38359375 0.89453125 0.040625 0.20703125
0 0.40859375 0.8890625 0.0453125 0.21640625
0 0.4703125 0.88828125 0.0671875 0.22109375
0 0.49609375 0.890625 0.05078125 0.2140625
0 0.53984375 0.88828125 0.04296875 0.22109375
0 0.5796875 0.89453125 0.0484375 0.20703125
0 0.6234375 0.89921875 0.03125 0.19921875
0 0.6546875 0.89296875 0.04296875 0.196875
0 0.70078125 0.8890625 0.0453125 0.19921875
0 0.75234375 0.8890625 0.06015625 0.196875
0 0.84375 0.8859375 0.0890625 0.22578125
0 0.91484375 0.88203125 0.09375 0.2328125
0 0.9578125 0.88203125 0.08203125 0.2328125