0 0.06875 0.86953125 0.065625 0.109375
0 0.12109375 0.91796875 0.0859375 0.1640625
0 0.1640625 0.91640625 0.0875 0.1671875
0 0.2375 0.9171875 0.071875 0.165625
0 0.25703125 0.903125 0.0859375 0.19375
0 0.33515625 0.890625 0.0890625 0.21875
0 0.3515625 0.90078125 0.075 0.1984375
0 0.38515625 0.903125 0.0734375 0.19375
0 0.4328125 0.9 0.065625 0.2
0 0.45625 0.89375 0.071875 0.2125
0 0.5171875 0.8875 0.09375 0.225
0 0.54375 0.88828125 0.0765625 0.21875
0 0.58671875 0.88046875 0.0703125 0.225
0 0.62734375 0.88203125 0.0734375 0.2109375
0 0.67109375 0.88125 0.0546875 0.2015625
0 0.7015625 0.87109375 0.0671875 0.2
0 0.746875 0.86171875 0.06875 0.203125
0 0.79765625 0.85546875 0.084375 0.203125
0 0.88828125 0.84140625 0.115625 0.234375
0 0.9484375 0.82890625 0.103125 0.2421875
0 0.97265625 0.8234375 0.0546875 0.240625