0 0.93203125 0.271875 0.1015625 0.165625
0 0.8953125 0.721875 0.209375 0.284375
0 0.82734375 0.27578125 0.1984375 0.16875
0 0.80625 0.515625 0.1578125 0.09375
0 0.76015625 0.74921875 0.284375 0.278125
0 0.7875 0.41484375 0.015625 0.0296875
0 0.77890625 0.41796875 0.0125 0.025
0 0.77109375 0.4171875 0.0125 0.025
0 0.76875 0.43984375 0.0171875 0.0234375
0 0.65390625 0.2984375 0.2046875 0.1890625
0 0.75 0.42109375 0.015625 0.0296875
0 0.73203125 0.421875 0.0203125 0.046875
0 0.66171875 0.53671875 0.1203125 0.084375
0 0.5578125 0.77109375 0.25 0.26875
0 0.584375 0.45859375 0.015625 0.0296875
0 0.57109375 0.45625 0.0125 0.028125
0 0.4734375 0.32578125 0.18125 0.1640625
0 0.56171875 0.4546875 0.015625 0.028125
0 0.50625 0.55625 0.128125 0.0953125
0 0.375 0.57421875 0.1375 0.0984375
0 0.29375 0.34453125 0.178125 0.175
0 0.34140625 0.81484375 0.228125 0.26875
0 0.31328125 0.4828125 0.08125 0.0515625
0 0.23046875 0.59140625 0.1609375 0.0953125
0 0.10390625 0.36796875 0.2078125 0.1765625
0 0.14375 0.8359375 0.2296875 0.271875
0 0.11640625 0.51015625 0.075 0.06875
0 0.05078125 0.62421875 0.08125 0.0765625
0 0.01484375 0.38046875 0.0296875 0.1578125