0 0.040625 0.334375 0.08125 0.15625
0 0.1140625 0.77890625 0.228125 0.2546875
0 0.14453125 0.3234375 0.18046875 0.14453125
0 0.19921875 0.5578125 0.14921875 0.07421875
0 0.27734375 0.7828125 0.25234375 0.2453125
0 0.203125 0.45546875 0.01171875 0.02890625
0 0.2125 0.4578125 0.009375 0.02421875
0 0.2203125 0.45546875 0.009375 0.02421875
0 0.22578125 0.478125 0.0140625 0.021875
0 0.31953125 0.321875 0.1828125 0.165625
0 0.24140625 0.45703125 0.01171875 0.02890625
0 0.259375 0.4546875 0.0140625 0.0453125
0 0.3453125 0.55859375 0.1109375 0.06953125
0 0.48046875 0.7765625 0.21875 0.240625
0 0.4109375 0.4703125 0.01171875 0.02890625
0 0.4234375 0.46640625 0.009375 0.0265625
0 0.50234375 0.3234375 0.16328125 0.1421875
0 0.4328125 0.4640625 0.01171875 0.0265625
0 0.5015625 0.55625 0.11796875 0.0796875
0 0.634375 0.55625 0.12734375 0.08203125
0 0.6828125 0.3171875 0.15859375 0.15390625
0 0.70078125 0.78984375 0.196875 0.24296875
0 0.6828125 0.45703125 0.0765625 0.040625
0 0.7796875 0.553125 0.1515625 0.07421875
0 0.8765625 0.3140625 0.19453125 0.1515625
0 0.89921875 0.7828125 0.196875 0.24765625
0 0.88125 0.45703125 0.0671875 0.06015625
0 0.96171875 0.56015625 0.071875 0.0671875
0 0.978125 0.3125 0.03828125 0.15390625