0 0.00859375 0.55 0.0171875 0.209375
0 0.06015625 0.534375 0.040625 0.228125
0 0.08984375 0.51796875 0.0625 0.284375
0 0.12265625 0.52890625 0.0265625 0.2390625
0 0.14140625 0.5234375 0.040625 0.2671875
0 0.1890625 0.51875 0.03125 0.2703125
0 0.225 0.50625 0.0890625 0.296875
0 0.2375 0.5890625 0.0953125 0.19375
0 0.28359375 0.565625 0.1078125 0.278125
0 0.27109375 0.46875 0.0375 0.11875
0 0.3296875 0.41484375 0.0734375 0.0640625
0 0.3421875 0.5890625 0.065625 0.1796875
0 0.409375 0.5875 0.1109375 0.1890625
0 0.38984375 0.4453125 0.0421875 0.1234375
0 0.41875 0.446875 0.0484375 0.1546875
0 0.47734375 0.525 0.0375 0.2265625
0 0.55625 0.58515625 0.121875 0.196875
0 0.68046875 0.565625 0.13125 0.240625
0 0.709375 0.5125 0.0703125 0.275
0 0.7890625 0.540625 0.0953125 0.2390625
0 0.8375 0.51015625 0.1046875 0.265625
0 0.896875 0.54453125 0.128125 0.296875
0 0.903125 0.5453125 0.0703125 0.2890625