0 0.1015625 0.7765625 0.2 0.446875
0 0.06015625 0.4109375 0.1203125 0.3875
0 0.1359375 0.378125 0.1203125 0.3828125
0 0.18515625 0.3765625 0.08125 0.31875
0 0.246875 0.35625 0.0875 0.3109375
0 0.31171875 0.359375 0.0953125 0.253125
0 0.36796875 0.3484375 0.0625 0.2234375
0 0.57421875 0.25390625 0.0140625 0.0203125
0 0.675 0.2609375 0.0359375 0.1265625
0 0.6984375 0.24921875 0.03125 0.1171875
0 0.76015625 0.22734375 0.021875 0.0875
0 0.76953125 0.22890625 0.0140625 0.084375
0 0.7765625 0.221875 0.015625 0.0921875