0 0.0265625 0.603125 0.053125 0.08125
0 0.1640625 0.6234375 0.0328125 0.1078125
0 0.19765625 0.65 0.034375 0.0890625
0 0.36328125 0.54609375 0.1203125 0.3625
0 0.37265625 0.70390625 0.028125 0.05
0 0.47421875 0.68828125 0.0375 0.109375
0 0.540625 0.7 0.0375 0.05625
0 0.56640625 0.6890625 0.040625 0.1390625
0 0.65 0.7265625 0.0453125 0.1296875
0 0.70546875 0.73046875 0.04375 0.1515625
0 0.73515625 0.75390625 0.0390625 0.096875
0 0.7953125 0.72734375 0.0421875 0.0984375
0 0.8359375 0.7296875 0.078125 0.215625
0 0.85234375 0.75234375 0.021875 0.059375
0 0.89296875 0.7765625 0.025 0.0375
0 0.91640625 0.73203125 0.0390625 0.0875
0 0.9265625 0.77421875 0.0375 0.0484375
0 0.96328125 0.7828125 0.03125 0.0546875