0 0.2515625 0.75390625 0.05546875 0.2546875
0 0.046875 0.6734375 0.09375 0.4328125
0 0.05546875 0.5875 0.071875 0.2453125
0 0.1 0.76328125 0.06953125 0.25
0 0.178125 0.7671875 0.084375 0.240625
0 0.4546875 0.73046875 0.3296875 0.2984375
0 0.6234375 0.734375 0.03359375 0.1109375
0 0.69453125 0.67890625 0.134375 0.40390625
0 0.6515625 0.771875 0.021875 0.04296875
0 0.80859375 0.76328125 0.0265625 0.06484375
0 0.8703125 0.76796875 0.01171875 0.03359375
0 0.896875 0.76953125 0.0578125 0.21640625
0 0.9625 0.73671875 0.053125 0.084375
0 0.96875 0.7875 0.04296875 0.1921875
0 0.984375 0.69609375 0.02890625 0.27890625