0 0.75703125 0.7453125 0.0640625 0.25625
0 0.9515625 0.65703125 0.096875 0.4359375
0 0.94765625 0.571875 0.0796875 0.2484375
0 0.90859375 0.74921875 0.078125 0.2515625
0 0.83125 0.75546875 0.0921875 0.24375
0 0.553125 0.72890625 0.340625 0.309375
0 0.38515625 0.73828125 0.0375 0.1125
0 0.31171875 0.6859375 0.1484375 0.4078125
0 0.3578125 0.77734375 0.0234375 0.04375
0 0.20078125 0.77421875 0.028125 0.065625
0 0.1390625 0.78046875 0.0125 0.034375
0 0.1125 0.78359375 0.065625 0.21875
0 0.04609375 0.75234375 0.05625 0.0859375
0 0.04140625 0.80390625 0.05 0.19375
0 0.02265625 0.7125 0.0390625 0.2796875