0 0.021875 0.53125 0.04375 0.084375
0 0.1140625 0.68515625 0.1546875 0.4125
0 0.20859375 0.53359375 0.0703125 0.1453125
0 0.25703125 0.52109375 0.1015625 0.1890625
0 0.23828125 0.50078125 0.0421875 0.090625
0 0.3015625 0.5140625 0.0515625 0.134375
0 0.35390625 0.49375 0.0171875 0.0703125
0 0.37734375 0.4796875 0.0234375 0.075
0 0.56328125 0.83828125 0.2171875 0.321875
0 0.728125 0.44765625 0.0515625 0.153125
0 0.75703125 0.57890625 0.0859375 0.1953125
0 0.79453125 0.57109375 0.1375 0.234375
0 0.82890625 0.4375 0.0921875 0.2578125
0 0.92265625 0.54453125 0.1265625 0.41875