6 0.7875 0.7265625 0.03125 0.053125
6 0.640625 0.7296875 0.025 0.046875
6 0.66875 0.7296875 0.025 0.059375
6 0.7328125 0.7296875 0.034375 0.059375
6 0.9203125 0.74375 0.053125 0.11875
6 0.8484375 0.7484375 0.065625 0.153125
6 0.5640625 0.753125 0.046875 0.1125
6 0.1421875 0.7640625 0.071875 0.203125
6 0.4234375 0.771875 0.040625 0.125
6 0.61875 0.771875 0.06875 0.1375
0 0.8578125 0.79375 0.134375 0.09375
6 0.9796875 0.796875 0.040625 0.1875
0 0.6390625 0.815625 0.171875 0.10625
0 0.1578125 0.815625 0.246875 0.15