0 0.92421875 0.55390625 0.1515625 0.2265625
0 0.85 0.60234375 0.2078125 0.525
0 0.79296875 0.62578125 0.2578125 0.6
0 0.68359375 0.60546875 0.3546875 0.740625
0 0.62578125 0.503125 0.0953125 0.3015625
0 0.60234375 0.4875 0.090625 0.2796875
0 0.57890625 0.48671875 0.1125 0.3421875
0 0.54296875 0.48359375 0.1125 0.3390625
0 0.5 0.465625 0.1296875 0.39375
0 0.4375 0.45 0.1390625 0.4296875
0 0.3890625 0.45078125 0.1484375 0.4328125
0 0.3375 0.44765625 0.15625 0.4390625
0 0.28671875 0.42109375 0.175 0.4953125
0 0.22109375 0.4125 0.1890625 0.515625
0 0.153125 0.3921875 0.209375 0.575
0 0.090625 0.38359375 0.18125 0.5890625
0 0.0625 0.36796875 0.125 0.4828125
0 0.05078125 0.24296875 0.0796875 0.321875