0 0.06484375 0.4625 0.1296875 0.2046875
0 0.13671875 0.52734375 0.103125 0.5140625
0 0.1875 0.5625 0.1390625 0.584375
0 0.2984375 0.56484375 0.21171875 0.71171875
0 0.3765625 0.47734375 0.03359375 0.30078125
0 0.40234375 0.46640625 0.03359375 0.27890625
0 0.42578125 0.4703125 0.04296875 0.34140625
0 0.46171875 0.475 0.04296875 0.33671875
0 0.50703125 0.46640625 0.0484375 0.3921875
0 0.571875 0.4640625 0.05078125 0.428125
0 0.61875 0.475 0.06015625 0.43046875
0 0.66953125 0.4828125 0.0671875 0.43515625
0 0.725 0.4671875 0.07421875 0.490625
0 0.790625 0.47265625 0.084375 0.509375
0 0.86171875 0.46640625 0.09375 0.5671875
0 0.94140625 0.475 0.09609375 0.58203125
0 0.9671875 0.46484375 0.05078125 0.4828125
0 0.99296875 0.3421875 0.01171875 0.3265625