3 0.1609375 0.459375 0.096875 0.05625
6 0.4984375 0.4640625 0.028125 0.065625
6 0.53125 0.478125 0.05 0.13125
6 0.4578125 0.4875 0.059375 0.1375
6 0.6828125 0.4890625 0.059375 0.171875
6 0.771875 0.49375 0.06875 0.18125
0 0.5140625 0.5125 0.078125 0.08125
0 0.4609375 0.5140625 0.090625 0.084375
6 0.621875 0.5171875 0.075 0.209375
0 0.7375 0.5296875 0.175 0.128125
6 0.25625 0.5390625 0.1125 0.278125
0 0.0625 0.540625 0.11875 0.10625
0 0.3796875 0.55 0.103125 0.10625
0 0.59375 0.5515625 0.2 0.146875
0 0.271875 0.5921875 0.2875 0.165625