0 0.05625 0.57421875 0.103125 0.46640625
0 0.0984375 0.59140625 0.1078125 0.21640625
0 0.11796875 0.58515625 0.0625 0.2046875
0 0.1671875 0.84375 0.06953125 0.16796875
0 0.234375 0.390625 0.15390625 0.521875
0 0.28125 0.3234375 0.196875 0.5046875
0 0.28515625 0.8421875 0.103125 0.1609375
0 0.5609375 0.50625 0.27421875 0.8609375
0 0.57421875 0.50234375 0.26953125 0.990625
0 0.7953125 0.296875 0.19921875 0.46640625
0 0.7953125 0.734375 0.13671875 0.396875
0 0.86875 0.6859375 0.19921875 0.4328125
0 0.86328125 0.28359375 0.13203125 0.34375