0 0.77265625 0.56484375 0.28828125 0.82421875
0 0.03828125 0.52890625 0.0765625 0.52421875
0 0.06640625 0.50625 0.09140625 0.45703125
0 0.07421875 0.3375 0.05546875 0.103125
0 0.1734375 0.384375 0.0765625 0.1921875
0 0.1625 0.31953125 0.0171875 0.03828125
0 0.2703125 0.5625 0.16328125 0.64921875
0 0.27734375 0.59765625 0.17578125 0.78828125
0 0.24140625 0.31640625 0.0359375 0.06015625
0 0.44453125 0.59765625 0.303125 0.803125
0 0.56015625 0.57578125 0.1390625 0.70703125
0 0.87890625 0.3453125 0.04296875 0.103125
0 0.94609375 0.5625 0.10546875 0.44921875