0 0.88984375 0.3796875 0.078125 0.18125
0 0.97578125 0.571875 0.0484375 0.08125
0 0.9390625 0.575 0.065625 0.0765625
0 0.8625 0.58515625 0.1578125 0.1125
0 0.71484375 0.28984375 0.0265625 0.059375
0 0.70546875 0.30078125 0.0296875 0.0625
0 0.6890625 0.31171875 0.03125 0.0734375
0 0.68203125 0.56796875 0.1 0.0734375
0 0.65546875 0.5359375 0.06875 0.115625
0 0.62109375 0.34921875 0.0390625 0.078125
0 0.58671875 0.61171875 0.10625 0.15625
0 0.55390625 0.34375 0.0453125 0.1046875
0 0.5203125 0.3671875 0.08125 0.0953125
0 0.4875 0.5875 0.1390625 0.3546875
0 0.45078125 0.41171875 0.0328125 0.05625
0 0.4203125 0.434375 0.0453125 0.0578125
0 0.3484375 0.42890625 0.04375 0.0765625
0 0.2703125 0.54765625 0.0515625 0.1265625
0 0.22265625 0.56015625 0.053125 0.10625
0 0.21171875 0.5125 0.0359375 0.1
0 0.1609375 0.50703125 0.0578125 0.1484375
0 0.134375 0.44609375 0.0421875 0.0734375
0 0.109375 0.44453125 0.03125 0.0609375
0 0.10859375 0.50703125 0.059375 0.146875
0 0.1046875 0.4703125 0.028125 0.0515625
0 0.08046875 0.40625 0.025 0.0390625
0 0.07421875 0.5046875 0.0796875 0.175
0 0.07734375 0.43046875 0.0203125 0.0515625
0 0.02265625 0.46875 0.0453125 0.065625
0 0.00859375 0.48671875 0.0171875 0.0328125