0 0.0953125 0.44921875 0.0484375 0.17578125
0 0.03125 0.65625 0.0625 0.071875
0 0.08046875 0.65 0.05546875 0.0671875
0 0.1578125 0.646875 0.14453125 0.0890625
0 0.2515625 0.33046875 0.0171875 0.0578125
0 0.26328125 0.33984375 0.01953125 0.06015625
0 0.28125 0.34765625 0.01953125 0.071875
0 0.3328125 0.5984375 0.09140625 0.0578125
0 0.353125 0.5625 0.05078125 0.1078125
0 0.3546875 0.37265625 0.0265625 0.07421875
0 0.43359375 0.625 0.08203125 0.14453125
0 0.41953125 0.35546875 0.02890625 0.10078125
0 0.45703125 0.37265625 0.0671875 0.084375
0 0.52734375 0.584375 0.0796875 0.34609375
0 0.5328125 0.4046875 0.02421875 0.053125
0 0.5671875 0.421875 0.0359375 0.053125
0 0.63671875 0.40390625 0.03125 0.071875
0 0.734375 0.50703125 0.03125 0.12265625
0 0.78359375 0.5109375 0.0359375 0.10078125
0 0.7859375 0.4625 0.01953125 0.0984375
0 0.83515625 0.4484375 0.03359375 0.14453125
0 0.85078125 0.38359375 0.03125 0.06953125
0 0.875 0.37734375 0.021875 0.0578125
0 0.88671875 0.4390625 0.0359375 0.1421875
0 0.884375 0.40234375 0.01953125 0.0484375
0 0.896875 0.33515625 0.01953125 0.0359375
0 0.9203125 0.43046875 0.05078125 0.16796875
0 0.90390625 0.3578125 0.01171875 0.05078125
0 0.96640625 0.38671875 0.03828125 0.06015625
0 0.98671875 0.4015625 0.021875 0.02890625