0 0.8375 0.8765625 0.1 0.246875
0 0.725 0.8578125 0.078125 0.2296875
0 0.68125 0.83203125 0.01875 0.0703125
0 0.6328125 0.8609375 0.0578125 0.2078125
0 0.62109375 0.828125 0.0390625 0.159375
0 0.60546875 0.85546875 0.0328125 0.1546875
0 0.5859375 0.85859375 0.0640625 0.2078125
0 0.53359375 0.8625 0.075 0.2328125
0 0.47890625 0.8640625 0.0734375 0.2203125
0 0.421875 0.8390625 0.05625 0.2234375
0 0.39140625 0.8296875 0.0484375 0.1890625
0 0.37421875 0.84140625 0.0609375 0.221875
0 0.31796875 0.82421875 0.071875 0.203125
0 0.2625 0.81640625 0.0578125 0.1875
0 0.21484375 0.80625 0.05 0.1640625
0 0.1734375 0.8015625 0.0640625 0.15625
0 0.06171875 0.79765625 0.0703125 0.209375
0 0.03203125 0.79140625 0.0640625 0.1984375
0 0.00859375 0.77265625 0.0171875 0.1046875