0 0.12265625 0.8578125 0.071875 0.27890625
0 0.2390625 0.83203125 0.05546875 0.22578125
0 0.28515625 0.8109375 0.01171875 0.06953125
0 0.33046875 0.8453125 0.0359375 0.2046875
0 0.3453125 0.8140625 0.021875 0.15859375
0 0.3578125 0.8421875 0.0171875 0.15390625
0 0.37734375 0.84765625 0.04296875 0.2046875
0 0.42890625 0.85703125 0.05078125 0.228125
0 0.4828125 0.8640625 0.05078125 0.21640625
0 0.5421875 0.8453125 0.03359375 0.22109375
0 0.5734375 0.8390625 0.02890625 0.1875
0 0.5890625 0.85234375 0.03828125 0.21875
0 0.646875 0.84140625 0.05078125 0.19921875
0 0.703125 0.83984375 0.03828125 0.18515625
0 0.7515625 0.834375 0.03359375 0.1609375
0 0.79296875 0.834375 0.0484375 0.1515625
0 0.9046875 0.8421875 0.0484375 0.2046875
0 0.93984375 0.83984375 0.053125 0.19453125
0 0.975 0.82421875 0.03828125 0.10078125