0 0.93359375 0.5609375 0.1328125 0.678125
0 0.89296875 0.5375 0.146875 0.65625
0 0.915625 0.12890625 0.08125 0.19375
0 0.79296875 0.60546875 0.3046875 0.7890625
0 0.77421875 0.26875 0.1625 0.3078125
0 0.725 0.1578125 0.10625 0.246875
0 0.6765625 0.45078125 0.125 0.521875
0 0.58515625 0.48203125 0.1515625 0.60625
0 0.47265625 0.50703125 0.1703125 0.7078125
0 0.28046875 0.35390625 0.5609375 0.6234375
0 0.37265625 0.5765625 0.2 0.8375
0 0.29453125 0.609375 0.1671875 0.7625
0 0.19609375 0.63359375 0.221875 0.7078125