0 0.0609375 0.53828125 0.103125 0.6734375
0 0.10546875 0.5171875 0.11328125 0.6515625
0 0.1046875 0.1078125 0.071875 0.18984375
0 0.2015625 0.6 0.2640625 0.7953125
0 0.23828125 0.2546875 0.146875 0.30078125
0 0.29296875 0.146875 0.09375 0.24296875
0 0.3265625 0.44140625 0.0984375 0.5171875
0 0.415625 0.47734375 0.1203125 0.60078125
0 0.5265625 0.50859375 0.134375 0.7015625
0 0.7296875 0.365625 0.53828125 0.59609375
0 0.6234375 0.5828125 0.15625 0.8296875
0 0.69921875 0.6203125 0.12734375 0.75703125
0 0.796875 0.64921875 0.18515625 0.69921875