0 0.96953125 0.9125 0.0609375 0.053125
0 0.940625 0.8421875 0.11875 0.09375
0 0.92109375 0.784375 0.1296875 0.059375
0 0.86328125 0.7375 0.1609375 0.0625
0 0.7953125 0.94375 0.1484375 0.053125
0 0.50078125 0.35078125 0.6453125 0.7015625
0 0.5640625 0.96015625 0.20625 0.0796875
0 0.5328125 0.73203125 0.0890625 0.0515625
0 0.48125 0.3984375 0.0265625 0.0671875
0 0.45078125 0.371875 0.0390625 0.0609375
0 0.4171875 0.3734375 0.0375 0.0640625
0 0.41015625 0.74765625 0.0890625 0.05
0 0.3640625 0.34921875 0.0390625 0.0734375
0 0.36796875 0.98125 0.0796875 0.0375
0 0.3734375 0.99375 0.06875 0.0125
0 0.28125 0.7578125 0.11875 0.05
0 0.3140625 0.990625 0.0625 0.01875
0 0.2578125 0.98984375 0.090625 0.0203125
0 0.215625 0.81796875 0.1140625 0.0484375
0 0.15703125 0.884375 0.1296875 0.059375
0 0.14140625 0.93515625 0.1703125 0.0734375