0 0.25625 0.73046875 0.06484375 0.31953125
0 0.11796875 0.775 0.09140625 0.446875
0 0.103125 0.5515625 0.05546875 0.09140625
0 0.1421875 0.70546875 0.05546875 0.3296875
0 0.1859375 0.85 0.0578125 0.2984375
0 0.3015625 0.678125 0.02421875 0.19453125
0 0.3265625 0.7078125 0.053125 0.28125
0 0.3375 0.6453125 0.05078125 0.146875
0 0.36796875 0.75234375 0.03828125 0.2015625
0 0.4015625 0.69375 0.084375 0.31484375
0 0.4265625 0.7515625 0.040625 0.209375
0 0.4421875 0.74296875 0.02890625 0.18515625
0 0.46484375 0.678125 0.03359375 0.0265625
0 0.4828125 0.61640625 0.06015625 0.15390625
0 0.49296875 0.72734375 0.02421875 0.10546875
0 0.53359375 0.6890625 0.10546875 0.3296875
0 0.5140625 0.7484375 0.04296875 0.21171875
0 0.5984375 0.60703125 0.0265625 0.09375
0 0.61796875 0.74609375 0.03359375 0.178125
0 0.6265625 0.69140625 0.03828125 0.25703125
0 0.64296875 0.75390625 0.0359375 0.2015625
0 0.64453125 0.57578125 0.02421875 0.06015625
0 0.6671875 0.61796875 0.03359375 0.18984375
0 0.678125 0.5734375 0.01953125 0.03828125
0 0.6921875 0.60703125 0.0265625 0.0578125
0 0.7015625 0.6109375 0.03125 0.10546875
0 0.7046875 0.65859375 0.02890625 0.0765625
0 0.8375 0.66796875 0.2328125 0.2640625
0 0.875 0.7015625 0.08203125 0.31015625