0 0.3140625 0.7796875 0.134375 0.3265625
0 0.18984375 0.8125 0.1890625 0.375
0 0.125 0.63984375 0.075 0.1015625
0 0.19765625 0.78046875 0.128125 0.334375
0 0.27265625 0.8796875 0.1234375 0.240625
0 0.346875 0.71796875 0.0671875 0.1953125
0 0.378125 0.74140625 0.115625 0.2859375
0 0.37421875 0.678125 0.0828125 0.1546875
0 0.428125 0.77578125 0.0828125 0.2046875
0 0.44765625 0.7109375 0.153125 0.325
0 0.48515625 0.76171875 0.0859375 0.2125
0 0.4984375 0.75 0.0703125 0.1875
0 0.50546875 0.68125 0.0390625 0.0328125
0 0.509375 0.6171875 0.09375 0.1640625
0 0.54453125 0.7234375 0.046875 0.1078125
0 0.575 0.6765625 0.1765625 0.3453125
0 0.56953125 0.7390625 0.0890625 0.215625
0 0.6203125 0.58203125 0.046875 0.096875
0 0.6703125 0.71328125 0.0734375 0.18125
0 0.66640625 0.6578125 0.0953125 0.259375
0 0.69609375 0.715625 0.0796875 0.2046875
0 0.6578125 0.54140625 0.0375 0.0640625
0 0.6890625 0.57734375 0.075 0.1921875
0 0.68984375 0.53125 0.028125 0.0421875
0 0.71171875 0.5609375 0.0390625 0.0625
0 0.72109375 0.5625 0.0546875 0.109375
0 0.73515625 0.60859375 0.0453125 0.08125
0 0.86171875 0.5875 0.2765625 0.309375
0 0.9109375 0.61171875 0.15 0.3203125