0 0.0890625 0.91796875 0.08125 0.1640625
0 0.196875 0.90546875 0.11875 0.1890625
0 0.2609375 0.925 0.09375 0.15
0 0.3 0.89140625 0.0578125 0.1734375
0 0.3734375 0.96328125 0.10625 0.0734375
0 0.33203125 0.84921875 0.034375 0.071875
0 0.40546875 0.8875 0.090625 0.1921875
0 0.36484375 0.38515625 0.065625 0.0875
0 0.54140625 0.95859375 0.1109375 0.0828125
0 0.55078125 0.88046875 0.0828125 0.1890625
0 0.61875 0.9421875 0.078125 0.0953125
0 0.65703125 0.86875 0.084375 0.1984375
0 0.759375 0.92890625 0.103125 0.0828125
0 0.740625 0.83203125 0.078125 0.1265625
0 0.80625 0.85859375 0.0796875 0.1796875
0 0.8609375 0.82421875 0.0796875 0.1265625
0 0.91796875 0.90234375 0.1421875 0.0921875
0 0.86171875 0.31015625 0.103125 0.1140625
0 0.93671875 0.815625 0.0984375 0.184375