0 0.1046875 0.6671875 0.209375 0.396875
0 0.03046875 0.51015625 0.0609375 0.1171875
0 0.14609375 0.490625 0.053125 0.0890625
0 0.25703125 0.4953125 0.0484375 0.090625
0 0.2921875 0.50390625 0.0484375 0.0671875
0 0.3796875 0.525 0.0546875 0.1265625
0 0.4109375 0.6953125 0.1484375 0.35625
0 0.4609375 0.50859375 0.053125 0.0671875
0 0.525 0.5171875 0.0453125 0.06875
0 0.596875 0.5359375 0.0484375 0.0578125
0 0.63828125 0.54453125 0.075 0.0703125
0 0.64921875 0.49296875 0.03125 0.065625
0 0.725 0.55234375 0.08125 0.075
0 0.7453125 0.534375 0.0328125 0.0578125
0 0.80078125 0.56171875 0.071875 0.075
0 0.871875 0.6203125 0.08125 0.1453125
0 0.90234375 0.70546875 0.14375 0.19375
0 0.88671875 0.85546875 0.1734375 0.2890625
0 0.9015625 0.65 0.115625 0.159375