0 0.4984375 0.6828125 0.996875 0.628125
0 0.16484375 0.78515625 0.02890625 0.12734375
0 0.296875 0.134375 0.01171875 0.053125
0 0.32109375 0.134375 0.01953125 0.053125
0 0.53515625 0.125 0.01171875 0.021875
0 0.56640625 0.125 0.009375 0.0265625
0 0.6265625 0.1203125 0.009375 0.021875
0 0.640625 0.12109375 0.0265625 0.0484375
0 0.69140625 0.12890625 0.0140625 0.0265625
0 0.7359375 0.1296875 0.01953125 0.03828125
0 0.759375 0.13125 0.00703125 0.02890625
0 0.7953125 0.12890625 0.01171875 0.03359375
0 0.81484375 0.12890625 0.0140625 0.0453125
0 0.85234375 0.7703125 0.0359375 0.1078125