0 0.5 0.65859375 1 0.6828125
0 0.803125 0.81875 0.0421875 0.1296875
0 0.73984375 0.1578125 0.0171875 0.0546875
0 0.71640625 0.15546875 0.025 0.0546875
0 0.50390625 0.1234375 0.0140625 0.0234375
0 0.4734375 0.1203125 0.0125 0.028125
0 0.4140625 0.109375 0.0109375 0.0234375
0 0.4 0.10859375 0.03125 0.0515625
0 0.3484375 0.1109375 0.0171875 0.028125
0 0.30390625 0.10703125 0.0234375 0.040625
0 0.28046875 0.10625 0.009375 0.0296875
0 0.2453125 0.1 0.015625 0.034375
0 0.22578125 0.09765625 0.01875 0.046875
0 0.12109375 0.73203125 0.046875 0.1109375