0 0.3078125 0.3125 0.0484375 0.1875
0 0.07421875 0.35546875 0.1484375 0.7109375
0 0.06484375 0.31953125 0.01171875 0.0484375
0 0.08046875 0.321875 0.009375 0.0484375
0 0.12734375 0.31484375 0.03828125 0.125
0 0.1765625 0.32421875 0.0171875 0.06015625
0 0.21484375 0.31875 0.01953125 0.06484375
0 0.23203125 0.3171875 0.00703125 0.05078125
0 0.26171875 0.34140625 0.0625 0.1421875
0 0.24375 0.3171875 0.0140625 0.0765625
0 0.303125 0.32578125 0.02421875 0.06015625
0 0.3734375 0.32109375 0.0765625 0.08671875
0 0.5015625 0.31875 0.1421875 0.09375
0 0.58203125 0.328125 0.009375 0.02890625
0 0.67578125 0.32421875 0.13671875 0.0765625
0 0.8234375 0.3265625 0.16328125 0.0453125
0 0.8140625 0.3296875 0.02421875 0.1203125
0 0.87890625 0.32421875 0.04296875 0.13203125
0 0.91796875 0.328125 0.03828125 0.1390625
0 0.96484375 0.3375 0.05546875 0.15390625
0 0.990625 0.3375 0.0171875 0.1109375