0 0.671875 0.29375 0.0671875 0.1921875
0 0.8984375 0.3359375 0.203125 0.671875
0 0.9140625 0.275 0.0171875 0.05
0 0.8984375 0.27890625 0.0140625 0.0484375
0 0.8515625 0.2765625 0.0515625 0.128125
0 0.803125 0.29140625 0.0234375 0.0609375
0 0.76484375 0.28984375 0.0265625 0.0671875
0 0.74765625 0.28984375 0.0125 0.0515625
0 0.7203125 0.3171875 0.0765625 0.1484375
0 0.7359375 0.29140625 0.021875 0.078125
0 0.67734375 0.30625 0.0296875 0.0625
0 0.60703125 0.30859375 0.0859375 0.09375
0 0.4796875 0.31953125 0.1515625 0.1078125
0 0.40078125 0.3375 0.0125 0.0296875
0 0.30703125 0.34375 0.14375 0.090625
0 0.16015625 0.3609375 0.1671875 0.0625
0 0.16953125 0.36328125 0.0359375 0.121875
0 0.1046875 0.36484375 0.05625 0.1359375
0 0.06640625 0.37265625 0.053125 0.1421875
0 0.028125 0.3859375 0.05625 0.159375
0 0.0046875 0.3890625 0.009375 0.1125