0 0.046875 0.61640625 0.0359375 0.0453125
0 0.1109375 0.61640625 0.01171875 0.04296875
0 0.1671875 0.62109375 0.021875 0.06015625
0 0.21015625 0.6203125 0.0359375 0.084375
0 0.2984375 0.63125 0.06015625 0.08203125
0 0.38671875 0.61875 0.0171875 0.04296875
0 0.4203125 0.6234375 0.01171875 0.04296875
0 0.4828125 0.61640625 0.040625 0.0671875
0 0.5484375 0.64296875 0.021875 0.0484375
0 0.5828125 0.61640625 0.021875 0.05078125
0 0.6453125 0.6703125 0.0453125 0.165625
0 0.6703125 0.62734375 0.02421875 0.0765625
0 0.7140625 0.63125 0.01953125 0.06015625
0 0.7390625 0.6421875 0.03359375 0.115625
0 0.78125 0.6421875 0.04296875 0.12265625
0 0.884375 0.634375 0.07421875 0.0796875
0 0.95546875 0.63671875 0.02890625 0.0484375