0 0.05625 0.64765625 0.0390625 0.0484375
0 0.1203125 0.64296875 0.0140625 0.04375
0 0.1765625 0.64375 0.0265625 0.0609375
0 0.21953125 0.640625 0.0421875 0.0859375
0 0.3078125 0.6453125 0.065625 0.0859375
0 0.3953125 0.6265625 0.0203125 0.04375
0 0.42890625 0.62890625 0.0140625 0.04375
0 0.490625 0.6171875 0.0453125 0.0703125
0 0.55859375 0.6390625 0.025 0.05
0 0.590625 0.61015625 0.025 0.0515625
0 0.65703125 0.659375 0.05625 0.16875
0 0.67890625 0.61484375 0.0296875 0.078125
0 0.72265625 0.615625 0.0234375 0.0609375
0 0.7484375 0.625 0.0421875 0.1171875
0 0.790625 0.621875 0.0515625 0.125
0 0.89296875 0.60703125 0.0796875 0.084375
0 0.9640625 0.6046875 0.0328125 0.05