0 0.89765625 0.69453125 0.17578125 0.5265625
0 0.1984375 0.6828125 0.396875 0.6296875
0 0.1140625 0.5453125 0.08671875 0.18515625
0 0.38203125 0.64453125 0.084375 0.2953125
0 0.57109375 0.865625 0.3125 0.2671875
0 0.49765625 0.71015625 0.15625 0.43046875
0 0.46171875 0.4703125 0.06953125 0.3078125
0 0.49296875 0.55078125 0.1203125 0.19453125
0 0.73828125 0.58203125 0.14921875 0.31015625
0 0.82421875 0.37734375 0.06484375 0.1421875
0 0.84140625 0.5421875 0.0765625 0.1921875
0 0.865625 0.46171875 0.06484375 0.2328125
0 0.9703125 0.53828125 0.05546875 0.16328125
0 0.97109375 0.484375 0.053125 0.0796875