0 0.09609375 0.68046875 0.1921875 0.5328125
0 0.79296875 0.68515625 0.4140625 0.6296875
0 0.884375 0.55859375 0.09375 0.1875
0 0.6125 0.6484375 0.0953125 0.2984375
0 0.415625 0.86171875 0.321875 0.2765625
0 0.4953125 0.71015625 0.171875 0.4359375
0 0.5390625 0.471875 0.0796875 0.309375
0 0.50546875 0.55078125 0.1265625 0.1984375
0 0.259375 0.5734375 0.159375 0.315625
0 0.18046875 0.36640625 0.0703125 0.14375
0 0.15703125 0.53046875 0.0828125 0.1953125
0 0.1359375 0.44921875 0.0734375 0.234375
0 0.0296875 0.521875 0.059375 0.165625
0 0.0296875 0.46796875 0.05625 0.08125