0 0.9375 0.56640625 0.125 0.1796875
0 0.871875 0.72109375 0.25625 0.5421875
0 0.9078125 0.44453125 0.0328125 0.053125
0 0.90625 0.403125 0.034375 0.0671875
0 0.83203125 0.57265625 0.0890625 0.1546875
0 0.8265625 0.3921875 0.025 0.0484375
0 0.82109375 0.47421875 0.0328125 0.05625
0 0.80625 0.53046875 0.05625 0.078125
0 0.8046875 0.42578125 0.034375 0.0609375
0 0.796875 0.50546875 0.0390625 0.071875
0 0.72109375 0.71015625 0.1734375 0.3078125
0 0.74375 0.54296875 0.0546875 0.0921875
0 0.73828125 0.57265625 0.0625 0.1
0 0.74609375 0.384375 0.025 0.040625
0 0.73125 0.41953125 0.034375 0.0453125
0 0.70859375 0.471875 0.046875 0.0828125
0 0.690625 0.4125 0.0234375 0.05625
0 0.67734375 0.53046875 0.0453125 0.09375
0 0.67734375 0.45859375 0.034375 0.0515625
0 0.65546875 0.5515625 0.0578125 0.10625
0 0.64375 0.4125 0.028125 0.0515625
0 0.6375 0.4546875 0.0234375 0.0484375
0 0.61484375 0.55625 0.034375 0.065625
0 0.61484375 0.40859375 0.028125 0.0453125
0 0.58203125 0.5203125 0.0859375 0.13125
0 0.55546875 0.84296875 0.15 0.3125
0 0.546875 0.6328125 0.1015625 0.1875
0 0.53984375 0.44140625 0.034375 0.053125
0 0.378125 0.46875 0.06875 0.18125
0 0.24609375 0.75234375 0.228125 0.434375
0 0.2828125 0.60703125 0.040625 0.1640625
0 0.21328125 0.54453125 0.059375 0.05625
0 0.2046875 0.58828125 0.0453125 0.0921875
0 0.14921875 0.4953125 0.0453125 0.1640625
0 0.09921875 0.5875 0.0921875 0.1625
0 0.06484375 0.709375 0.128125 0.446875