0 0.74296875 0.75703125 0.05078125 0.2640625
0 0.3390625 0.67890625 0.0359375 0.1421875
0 0.4515625 0.6671875 0.021875 0.07421875
0 0.4734375 0.6671875 0.01171875 0.084375
0 0.490625 0.68046875 0.0265625 0.1203125
0 0.50859375 0.6890625 0.01953125 0.1109375
0 0.53359375 0.69609375 0.0453125 0.16328125
0 0.57109375 0.71015625 0.02890625 0.13203125
0 0.6109375 0.6875 0.06953125 0.13203125
0 0.7921875 0.74375 0.04296875 0.2546875
0 0.84140625 0.75234375 0.0578125 0.27421875
0 0.896875 0.7453125 0.05078125 0.2453125