0 0.85234375 0.6578125 0.07421875 0.31484375
0 0.03515625 0.6421875 0.06953125 0.1734375
0 0.1359375 0.6046875 0.07421875 0.271875
0 0.28125 0.603125 0.06484375 0.2140625
0 0.334375 0.62265625 0.10078125 0.27421875
0 0.4703125 0.7140625 0.15859375 0.50234375
0 0.5265625 0.63125 0.05078125 0.19453125
0 0.70078125 0.703125 0.1390625 0.40859375
0 0.76328125 0.6390625 0.06953125 0.2359375
0 0.92421875 0.6 0.02890625 0.053125
0 0.96640625 0.62734375 0.053125 0.2859375
0 0.990625 0.6390625 0.0171875 0.13203125