0 0.46875 0.61640625 0.0578125 0.3703125
0 0.20078125 0.72578125 0.0578125 0.19453125
0 0.25625 0.68515625 0.0359375 0.27421875
0 0.35546875 0.6296875 0.2015625 0.36328125
0 0.3734375 0.87890625 0.0453125 0.1421875
0 0.4265625 0.8890625 0.06484375 0.16796875
0 0.5796875 0.6296875 0.14921875 0.34609375
0 0.61796875 0.89765625 0.06015625 0.10546875
0 0.6625 0.90625 0.0890625 0.09140625
0 0.6734375 0.6359375 0.071875 0.31953125
0 0.7328125 0.88125 0.08671875 0.134375
0 0.74140625 0.6453125 0.0578125 0.303125
0 0.86171875 0.8890625 0.14921875 0.1703125