0 0.55859375 0.60546875 0.1453125 0.3734375
0 0.8453125 0.646875 0.103125 0.203125
0 0.78125 0.6203125 0.1015625 0.275
0 0.671875 0.590625 0.2828125 0.4015625
0 0.71484375 0.83671875 0.078125 0.1484375
0 0.665625 0.859375 0.103125 0.178125
0 0.45390625 0.6453125 0.228125 0.371875
0 0.48203125 0.9140625 0.084375 0.1171875
0 0.440625 0.93359375 0.1078125 0.1109375
0 0.36484375 0.67421875 0.146875 0.328125
0 0.36640625 0.925 0.1171875 0.15
0 0.30078125 0.69921875 0.1296875 0.3078125
0 0.24296875 0.93203125 0.1859375 0.1359375