0 0.83671875 0.70078125 0.25703125 0.5765625
0 0.078125 0.74609375 0.13671875 0.50234375
0 0.18125 0.771875 0.084375 0.4515625
0 0.303125 0.7296875 0.14453125 0.5359375
0 0.4328125 0.76796875 0.134375 0.459375
0 0.5796875 0.7546875 0.18984375 0.48828125
0 0.5359375 0.63671875 0.09140625 0.21875
0 0.6421875 0.571875 0.06015625 0.1828125
0 0.71640625 0.62109375 0.0578125 0.16328125
0 0.7515625 0.5953125 0.02890625 0.11328125
0 0.96640625 0.68984375 0.053125 0.084375
0 0.9828125 0.67890625 0.03125 0.0796875