0 0.05390625 0.57890625 0.1078125 0.5359375
0 0.05546875 0.6953125 0.1109375 0.428125
0 0.2125 0.590625 0.303125 0.6625
0 0.19453125 0.67890625 0.209375 0.44375
0 0.3390625 0.59609375 0.178125 0.6203125
0 0.3296875 0.62109375 0.1484375 0.5328125
0 0.44140625 0.62109375 0.103125 0.5125
0 0.51796875 0.57734375 0.2265625 0.6390625
0 0.58125 0.6765625 0.1109375 0.3765625
0 0.65703125 0.5546875 0.259375 0.671875
0 0.71953125 0.63671875 0.0953125 0.4171875
0 0.80546875 0.57578125 0.2203125 0.5890625
0 0.8765625 0.55390625 0.16875 0.609375
0 0.94921875 0.57265625 0.1015625 0.5453125