0 0.12265625 0.97109375 0.0640625 0.0578125
0 0.12265625 0.9625 0.0484375 0.075
0 0.1671875 0.94375 0.0375 0.0828125
0 0.2453125 0.975 0.1 0.05
0 0.30625 0.92109375 0.046875 0.0890625
0 0.34765625 0.90234375 0.03125 0.0671875
0 0.40234375 0.8984375 0.04375 0.084375
0 0.453125 0.94921875 0.1125 0.1015625
0 0.42734375 0.8921875 0.0375 0.0640625
0 0.43828125 0.86875 0.0328125 0.046875
0 0.46328125 0.90234375 0.065625 0.11875
0 0.50234375 0.90546875 0.0625 0.109375
0 0.51953125 0.84609375 0.025 0.0546875
0 0.5296875 0.83671875 0.01875 0.04375
0 0.5484375 0.828125 0.0265625 0.0484375
0 0.56953125 0.82109375 0.0328125 0.0515625
0 0.590625 0.834375 0.034375 0.071875
0 0.63828125 0.82109375 0.0328125 0.065625
0 0.6578125 0.81875 0.03125 0.0578125
0 0.725 0.79140625 0.0328125 0.0609375
0 0.7375 0.78046875 0.0375 0.0734375
0 0.91953125 0.7703125 0.059375 0.1421875