0 0.015625 0.921875 0.03125 0.1515625
0 0.0265625 0.8734375 0.02890625 0.08671875
0 0.07578125 0.8578125 0.01953125 0.0796875
0 0.13671875 0.9421875 0.0765625 0.1109375
0 0.21640625 0.86640625 0.02890625 0.084375
0 0.2609375 0.8578125 0.0171875 0.06484375
0 0.31484375 0.86640625 0.0265625 0.0796875
0 0.35 0.94140625 0.0890625 0.11328125
0 0.34140625 0.865625 0.02421875 0.06015625
0 0.35703125 0.8453125 0.02421875 0.04296875
0 0.3734375 0.88359375 0.040625 0.11328125
0 0.4109375 0.8953125 0.040625 0.103125
0 0.44140625 0.84140625 0.0140625 0.053125
0 0.453125 0.834375 0.009375 0.04296875
0 0.4734375 0.83046875 0.0171875 0.0453125
0 0.4953125 0.828125 0.021875 0.0484375
0 0.51328125 0.84609375 0.01953125 0.06953125
0 0.5625 0.84375 0.01953125 0.0625
0 0.58203125 0.84609375 0.01953125 0.05546875
0 0.65390625 0.834375 0.01953125 0.0578125
0 0.66796875 0.8265625 0.021875 0.06953125
0 0.84765625 0.8578125 0.02890625 0.1390625