0 0.05859375 0.42421875 0.06953125 0.3703125
0 0.103125 0.44140625 0.10078125 0.384375
0 0.1859375 0.4171875 0.09140625 0.30546875
0 0.2390625 0.38671875 0.0796875 0.271875
0 0.29296875 0.39296875 0.06015625 0.240625
0 0.359375 0.32421875 0.06015625 0.1609375
0 0.4203125 0.328125 0.040625 0.1296875
0 0.47734375 0.31875 0.06015625 0.165625
0 0.53984375 0.3265625 0.06015625 0.17578125
0 0.615625 0.3265625 0.10546875 0.37265625
0 0.67578125 0.31484375 0.03359375 0.24765625
0 0.76171875 0.2359375 0.071875 0.134375