0 0.646875 0.5875 0.0953125 0.2359375
0 0.990625 0.4609375 0.01875 0.065625
0 0.9859375 0.496875 0.028125 0.075
0 0.9828125 0.484375 0.0328125 0.084375
0 0.9421875 0.51328125 0.0703125 0.1640625
0 0.92734375 0.52890625 0.0796875 0.175
0 0.83359375 0.5390625 0.0625 0.171875
0 0.8125 0.5859375 0.115625 0.215625
0 0.8109375 0.53125 0.04375 0.1203125
0 0.775 0.53984375 0.05 0.1484375
0 0.73671875 0.5546875 0.0359375 0.128125
0 0.7171875 0.553125 0.065625 0.1515625
0 0.696875 0.55078125 0.0515625 0.134375
0 0.48359375 0.62109375 0.4375 0.2921875