0 0.79453125 0.64296875 0.0296875 0.078125
0 0.75078125 0.46484375 0.0515625 0.125
0 0.721875 0.4515625 0.09375 0.2171875
0 0.7734375 0.63828125 0.0359375 0.0859375
0 0.72265625 0.409375 0.0390625 0.0890625
0 0.6546875 0.21015625 0.1046875 0.2
0 0.76875 0.6546875 0.0359375 0.071875
0 0.70703125 0.478125 0.0578125 0.1640625
0 0.73984375 0.68359375 0.0625 0.16875
0 0.71796875 0.69765625 0.0515625 0.1359375
0 0.57734375 0.1984375 0.128125 0.1984375
0 0.6734375 0.5125 0.065625 0.1625
0 0.62265625 0.30234375 0.0375 0.0796875
0 0.6453125 0.4765625 0.0734375 0.196875
0 0.69609375 0.70625 0.05 0.140625
0 0.603125 0.309375 0.0453125 0.0796875
0 0.64921875 0.55 0.046875 0.125
0 0.66953125 0.753125 0.1015625 0.2421875
0 0.646875 0.775 0.096875 0.234375
0 0.54140625 0.34140625 0.1015625 0.1484375
0 0.52109375 0.5453125 0.071875 0.171875
0 0.44609375 0.26484375 0.10625 0.2046875
0 0.565625 0.81953125 0.0734375 0.1703125
0 0.490625 0.559375 0.0765625 0.19375
0 0.54453125 0.90078125 0.05625 0.0953125
0 0.41015625 0.27265625 0.0828125 0.2015625
0 0.51953125 0.8375 0.0890625 0.1765625
0 0.49609375 0.85 0.0953125 0.1453125
0 0.4375 0.62265625 0.1296875 0.2296875
0 0.37421875 0.32421875 0.10625 0.2140625
0 0.33046875 0.31484375 0.090625 0.234375
0 0.32578125 0.34375 0.071875 0.2078125
0 0.3546875 0.58046875 0.03125 0.0578125
0 0.39296875 0.92421875 0.1203125 0.1515625
0 0.3328125 0.59296875 0.0359375 0.065625
0 0.25625 0.371875 0.1109375 0.1984375
0 0.30859375 0.60625 0.0359375 0.0640625
0 0.3515625 0.93203125 0.1125 0.1359375
0 0.2734375 0.690625 0.08125 0.115625
0 0.184375 0.3578125 0.0796875 0.15
0 0.25625 0.75234375 0.1046875 0.196875
0 0.2453125 0.64375 0.059375 0.103125
0 0.1515625 0.3703125 0.1265625 0.175
0 0.22265625 0.74375 0.1 0.2453125
0 0.11015625 0.38671875 0.08125 0.1609375