0 0.13828125 0.85546875 0.0484375 0.22578125
0 0.0140625 0.4546875 0.028125 0.05625
0 0.0140625 0.65703125 0.028125 0.1140625
0 0.015625 0.484375 0.03125 0.05078125
0 0.0296875 0.67421875 0.05078125 0.09609375
0 0.05546875 0.61171875 0.03828125 0.06015625
0 0.0609375 0.72578125 0.0484375 0.08203125
0 0.09609375 0.45703125 0.0796875 0.1078125
0 0.07421875 0.3578125 0.0265625 0.05546875
0 0.0890625 0.69921875 0.040625 0.05546875
0 0.09765625 0.65625 0.04296875 0.0671875
0 0.09765625 0.24609375 0.02421875 0.09609375
0 0.2703125 0.63671875 0.365625 0.240625
0 0.13671875 0.73671875 0.04296875 0.071875
0 0.134375 0.24609375 0.021875 0.0671875
0 0.1390625 0.4859375 0.021875 0.05546875
0 0.1515625 0.6625 0.0359375 0.0984375
0 0.165625 0.52265625 0.05546875 0.10546875
0 0.178125 0.46640625 0.040625 0.0984375
0 0.19140625 0.71484375 0.0578125 0.0765625
0 0.18984375 0.8078125 0.04296875 0.1390625
0 0.19921875 0.45078125 0.053125 0.10078125
0 0.228125 0.7828125 0.05078125 0.14453125
0 0.2796875 0.4328125 0.13671875 0.115625
0 0.24296875 0.1875 0.02421875 0.07421875
0 0.2515625 0.32109375 0.02421875 0.103125
0 0.27421875 0.775 0.05078125 0.12734375
0 0.259375 0.18359375 0.0140625 0.0796875
0 0.271875 0.2953125 0.02421875 0.084375
0 0.36875 0.24140625 0.02421875 0.09609375
0 0.39765625 0.4234375 0.071875 0.1828125
0 0.415625 0.5578125 0.02890625 0.053125
0 0.453125 0.5625 0.02890625 0.053125
0 0.4828125 0.44921875 0.0265625 0.0625
0 0.4859375 0.5609375 0.0265625 0.05078125
0 0.51796875 0.41953125 0.02890625 0.103125
0 0.52734375 0.5765625 0.01953125 0.03828125
0 0.55390625 0.603125 0.02890625 0.03828125
0 0.58984375 0.6078125 0.0453125 0.07421875
0 0.60078125 0.5578125 0.03125 0.05546875
0 0.678125 0.61171875 0.13671875 0.3078125
0 0.67890625 0.4265625 0.1296875 0.1390625
0 0.62734375 0.2609375 0.02421875 0.053125
0 0.6515625 0.3375 0.0265625 0.103125
0 0.68125 0.71875 0.0578125 0.18515625
0 0.68359375 0.2640625 0.02421875 0.05546875
0 0.790625 0.7203125 0.13671875 0.25703125
0 0.79921875 0.484375 0.11796875 0.240625
0 0.79921875 0.31640625 0.0265625 0.11328125
0 0.8234375 0.32578125 0.021875 0.07421875
0 0.86328125 0.63359375 0.04296875 0.09375
0 0.8859375 0.7234375 0.05546875 0.13671875
0 0.8734375 0.3453125 0.02421875 0.084375
0 0.91953125 0.5515625 0.07421875 0.1828125
0 0.9328125 0.68046875 0.0453125 0.15390625
0 0.9484375 0.609375 0.02421875 0.0625
0 0.9703125 0.625 0.040625 0.10078125
0 0.98203125 0.50390625 0.03359375 0.05546875
0 0.98046875 0.5984375 0.02421875 0.0578125
0 0.9859375 0.47578125 0.021875 0.03125