0 0.16953125 0.88515625 0.0671875 0.2296875
0 0.0140625 0.49609375 0.028125 0.0578125
0 0.0296875 0.6984375 0.0375 0.115625
0 0.0171875 0.5265625 0.034375 0.053125
0 0.046875 0.71484375 0.059375 0.1
0 0.0671875 0.65 0.04375 0.0625
0 0.08203125 0.76328125 0.0546875 0.0859375
0 0.09375 0.4921875 0.0890625 0.1140625
0 0.06328125 0.3953125 0.03125 0.0578125
0 0.1078125 0.734375 0.0453125 0.059375
0 0.1125 0.690625 0.0484375 0.0703125
0 0.07734375 0.28203125 0.0328125 0.0984375
0 0.2828125 0.65625 0.3859375 0.271875
0 0.15859375 0.7671875 0.0484375 0.075
0 0.11328125 0.27890625 0.028125 0.06875
0 0.1390625 0.5171875 0.0265625 0.0578125
0 0.1671875 0.6921875 0.04375 0.1015625
0 0.16875 0.5515625 0.0640625 0.109375
0 0.1765625 0.49453125 0.0484375 0.1015625
0 0.2109375 0.740625 0.0640625 0.08125
0 0.21796875 0.83359375 0.0546875 0.1421875
0 0.19609375 0.47734375 0.0609375 0.1046875
0 0.25390625 0.80546875 0.0625 0.1484375
0 0.275 0.45234375 0.146875 0.1265625
0 0.21640625 0.2109375 0.03125 0.0765625
0 0.23671875 0.34375 0.0328125 0.1046875
0 0.29921875 0.79375 0.0609375 0.13125
0 0.2328125 0.20546875 0.0203125 0.08125
0 0.2546875 0.315625 0.03125 0.0859375
0 0.346875 0.25390625 0.0328125 0.0984375
0 0.39140625 0.4328125 0.0875 0.1890625
0 0.42109375 0.56484375 0.0328125 0.0546875
0 0.45859375 0.56640625 0.0328125 0.0546875
0 0.478125 0.45078125 0.03125 0.0640625
0 0.49140625 0.56171875 0.03125 0.053125
0 0.5109375 0.41796875 0.0375 0.1046875
0 0.53359375 0.57421875 0.0234375 0.0390625
0 0.5625 0.59765625 0.0328125 0.040625
0 0.59921875 0.59921875 0.0515625 0.078125
0 0.60546875 0.5484375 0.0359375 0.0578125
0 0.6875 0.59609375 0.1625 0.31875
0 0.671875 0.4109375 0.140625 0.15
0 0.60625 0.25078125 0.028125 0.0546875
0 0.63671875 0.325 0.0359375 0.1046875
0 0.7 0.70234375 0.0734375 0.1890625
0 0.6625 0.24921875 0.0296875 0.0578125
0 0.80859375 0.69453125 0.159375 0.26875
0 0.796875 0.45859375 0.1390625 0.25
0 0.78203125 0.29140625 0.0359375 0.115625
0 0.80703125 0.2984375 0.028125 0.0765625
0 0.8734375 0.6015625 0.0515625 0.096875
0 0.90390625 0.6890625 0.0671875 0.140625
0 0.85859375 0.31328125 0.03125 0.0859375
0 0.92265625 0.51484375 0.090625 0.1890625
0 0.946875 0.6421875 0.0578125 0.1578125
0 0.95625 0.56953125 0.0296875 0.0640625
0 0.97734375 0.58359375 0.0453125 0.1046875
0 0.98046875 0.46171875 0.0390625 0.0578125
0 0.9859375 0.55625 0.028125 0.059375
0 0.98203125 0.43359375 0.025 0.0328125