0 0.04296875 0.88125 0.0859375 0.23125
0 0.0515625 0.80390625 0.084375 0.26171875
0 0.084375 0.74765625 0.11796875 0.23046875
0 0.12265625 0.7078125 0.02421875 0.125
0 0.19140625 0.71640625 0.11328125 0.1734375
0 0.20546875 0.66484375 0.06015625 0.11328125
0 0.21484375 0.6203125 0.04296875 0.09140625
0 0.28515625 0.59609375 0.02421875 0.0578125
0 0.34765625 0.64296875 0.03359375 0.13671875
0 0.39765625 0.634375 0.01953125 0.12734375
0 0.44453125 0.63671875 0.03828125 0.10546875
0 0.50390625 0.62890625 0.03359375 0.12734375
0 0.5625 0.6234375 0.0171875 0.12734375
0 0.62734375 0.62265625 0.04296875 0.0890625
0 0.6453125 0.634375 0.03125 0.103125
0 0.6734375 0.609375 0.02890625 0.11328125
0 0.7046875 0.62265625 0.040625 0.07421875
0 0.72109375 0.63359375 0.071875 0.11328125
0 0.7609375 0.646875 0.05078125 0.09609375
0 0.8328125 0.66328125 0.06484375 0.08671875
0 0.90625 0.67578125 0.0578125 0.125
0 0.946875 0.66484375 0.03828125 0.12265625
0 0.9703125 0.70546875 0.0578125 0.15390625