0 0.96328125 0.85703125 0.0734375 0.2359375
0 0.95703125 0.7796875 0.0859375 0.265625
0 0.928125 0.72578125 0.1296875 0.2359375
0 0.8875 0.6875 0.03125 0.1265625
0 0.81953125 0.7 0.121875 0.1796875
0 0.803125 0.64921875 0.065625 0.115625
0 0.79140625 0.60546875 0.0484375 0.09375
0 0.71953125 0.584375 0.0265625 0.059375
0 0.659375 0.63515625 0.040625 0.1390625
0 0.609375 0.62890625 0.0265625 0.128125
0 0.5625 0.63359375 0.04375 0.1078125
0 0.503125 0.62890625 0.040625 0.1296875
0 0.44375 0.6265625 0.0234375 0.128125
0 0.37890625 0.62890625 0.046875 0.090625
0 0.36171875 0.64140625 0.0359375 0.1046875
0 0.3328125 0.61796875 0.034375 0.1140625
0 0.30234375 0.6328125 0.04375 0.0765625
0 0.2859375 0.6453125 0.078125 0.1171875
0 0.246875 0.66015625 0.05625 0.0984375
0 0.1765625 0.68046875 0.06875 0.090625
0 0.103125 0.696875 0.0640625 0.128125
0 0.0625 0.68828125 0.0453125 0.125
0 0.04140625 0.7296875 0.065625 0.15625