0 0.134375 0.80625 0.26875 0.384375
0 0.0796875 0.46484375 0.11796875 0.1515625
0 0.2828125 0.7203125 0.34375 0.55546875
0 0.29921875 0.4171875 0.2140625 0.071875
0 0.4953125 0.6671875 0.16328125 0.3890625
0 0.7296875 0.7515625 0.5359375 0.49296875
0 0.53359375 0.40390625 0.09609375 0.1078125
0 0.57578125 0.58046875 0.10546875 0.228125
0 0.62109375 0.40390625 0.0890625 0.1078125
0 0.728125 0.44453125 0.21875 0.16328125
0 0.69921875 0.38828125 0.10546875 0.12265625
0 0.7765625 0.39453125 0.08203125 0.12265625
0 0.9359375 0.44609375 0.12265625 0.1609375