0 0.125 0.7234375 0.25 0.43125
0 0.09609375 0.378125 0.146875 0.1734375
0 0.24140625 0.6703125 0.4515625 0.6140625
0 0.32109375 0.37734375 0.225 0.1140625
0 0.4609375 0.6625 0.240625 0.4140625
0 0.67265625 0.7484375 0.6265625 0.503125
0 0.553125 0.41328125 0.1171875 0.125
0 0.55703125 0.59453125 0.15 0.2453125
0 0.63828125 0.43125 0.109375 0.1234375
0 0.734375 0.49296875 0.2484375 0.2046875
0 0.71796875 0.43203125 0.128125 0.1421875
0 0.7921875 0.4546875 0.10625 0.1375
0 0.93046875 0.53828125 0.1390625 0.1828125