0 0.14921875 0.665625 0.0671875 0.25234375
0 0.1859375 0.59609375 0.0265625 0.11796875
0 0.2796875 0.61328125 0.0484375 0.16328125
0 0.31640625 0.6046875 0.040625 0.14921875
0 0.35 0.66796875 0.06953125 0.12265625
0 0.37734375 0.69609375 0.103125 0.1390625
0 0.42578125 0.65 0.05078125 0.2046875
0 0.484375 0.58046875 0.0171875 0.02890625
0 0.50390625 0.603125 0.03359375 0.0671875
0 0.52265625 0.6046875 0.02890625 0.0671875
0 0.5328125 0.571875 0.040625 0.03359375
0 0.59375 0.59609375 0.0484375 0.103125
0 0.6203125 0.63671875 0.0453125 0.1734375
0 0.640625 0.615625 0.021875 0.103125
0 0.65390625 0.61640625 0.01171875 0.09609375
0 0.66953125 0.625 0.03359375 0.1109375
0 0.6703125 0.56484375 0.01171875 0.01953125
0 0.68359375 0.61171875 0.02421875 0.09609375
0 0.72578125 0.634375 0.0265625 0.09609375
0 0.82109375 0.5796875 0.021875 0.06484375
0 0.84140625 0.59765625 0.05546875 0.10078125