0 0.87890625 0.5828125 0.121875 0.2609375
0 0.82734375 0.52265625 0.053125 0.1203125
0 0.73984375 0.5609375 0.084375 0.1703125
0 0.70234375 0.5609375 0.0734375 0.1546875
0 0.68359375 0.6296875 0.0953125 0.134375
0 0.66328125 0.66328125 0.13125 0.159375
0 0.60625 0.6296875 0.0953125 0.2109375
0 0.53359375 0.575 0.0234375 0.0328125
0 0.51953125 0.6015625 0.0484375 0.0734375
0 0.5015625 0.60703125 0.04375 0.071875
0 0.484375 0.57734375 0.046875 0.0421875
0 0.43046875 0.61484375 0.0703125 0.1109375
0 0.41328125 0.66015625 0.0828125 0.1796875
0 0.3890625 0.64453125 0.04375 0.1046875
0 0.3765625 0.64765625 0.0328125 0.096875
0 0.36328125 0.66015625 0.0578125 0.115625
0 0.3484375 0.6015625 0.015625 0.021875
0 0.34609375 0.65 0.0453125 0.0984375
0 0.31015625 0.68203125 0.046875 0.1
0 0.2046875 0.65 0.0359375 0.06875
0 0.1890625 0.671875 0.0765625 0.1109375