0 0.11796875 0.5265625 0.1515625 0.625
0 0.2390625 0.49375 0.09140625 0.50234375
0 0.3296875 0.515625 0.1515625 0.6734375
0 0.4421875 0.60078125 0.0671875 0.40390625
0 0.5 0.5515625 0.12265625 0.459375
0 0.62109375 0.55859375 0.11328125 0.49765625
0 0.62734375 0.58203125 0.11796875 0.2640625
0 0.6890625 0.62890625 0.053125 0.31953125
0 0.7984375 0.5984375 0.09140625 0.353125
0 0.8578125 0.62265625 0.053125 0.240625
0 0.94609375 0.625 0.06484375 0.22578125
0 0.9828125 0.6109375 0.02890625 0.21171875