0 0.01796875 0.2125 0.0359375 0.290625
0 0.05859375 0.25234375 0.09140625 0.35078125
0 0.1421875 0.10703125 0.0578125 0.125
0 0.26953125 0.08515625 0.040625 0.053125
0 0.35546875 0.09609375 0.02890625 0.02890625
0 0.43125 0.23828125 0.07421875 0.09609375
0 0.56640625 0.1421875 0.06015625 0.12265625
0 0.6265625 0.14453125 0.040625 0.09375
0 0.6765625 0.1859375 0.0765625 0.25234375
0 0.65 0.13359375 0.01171875 0.071875
0 0.76796875 0.209375 0.0984375 0.3265625
0 0.83515625 0.20078125 0.040625 0.1421875
0 0.9171875 0.32421875 0.159375 0.6484375