0 0.0390625 0.1796875 0.05625 0.2921875
0 0.0765625 0.221875 0.115625 0.35625
0 0.1703125 0.0828125 0.065625 0.128125
0 0.29921875 0.0703125 0.04375 0.05625
0 0.384375 0.08671875 0.03125 0.03125
0 0.45 0.234375 0.08125 0.1015625
0 0.59140625 0.14765625 0.06875 0.1265625
0 0.65078125 0.15390625 0.046875 0.096875
0 0.69765625 0.19921875 0.09375 0.2578125
0 0.675 0.1453125 0.0171875 0.071875
0 0.7875 0.22890625 0.1203125 0.3328125
0 0.85546875 0.225 0.05 0.1453125
0 0.9125 0.35390625 0.175 0.6578125