0 0.9390625 0.5734375 0.121875 0.315625
0 0.80546875 0.86953125 0.2734375 0.2609375
0 0.90625 0.559375 0.1734375 0.3390625
0 0.71171875 0.8546875 0.2515625 0.290625
0 0.82578125 0.5578125 0.165625 0.290625
0 0.77421875 0.534375 0.115625 0.2515625
0 0.71171875 0.58984375 0.1359375 0.178125
0 0.696875 0.50546875 0.1046875 0.203125
0 0.6453125 0.56875 0.103125 0.1671875
0 0.58125 0.4921875 0.1875 0.278125
0 0.57578125 0.55859375 0.1171875 0.16875
0 0.50234375 0.53984375 0.1234375 0.1703125
0 0.48125 0.471875 0.10625 0.221875
0 0.41953125 0.51953125 0.11875 0.1703125
0 0.44140625 0.428125 0.1015625 0.2203125
0 0.39609375 0.42578125 0.1234375 0.278125
0 0.334375 0.503125 0.1328125 0.1640625
0 0.346875 0.4203125 0.1515625 0.265625
0 0.290625 0.45234375 0.1015625 0.2015625
0 0.24765625 0.41484375 0.1703125 0.2765625
0 0.225 0.3671875 0.0765625 0.15625
0 0.1625 0.39296875 0.1578125 0.2796875
0 0.08828125 0.3625 0.171875 0.2984375