0 0.040625 0.46171875 0.08125 0.3046875
0 0.10078125 0.83515625 0.2015625 0.32421875
0 0.09140625 0.459375 0.0984375 0.32421875
0 0.19921875 0.83046875 0.17578125 0.33671875
0 0.16953125 0.47734375 0.103125 0.27421875
0 0.22578125 0.4671875 0.0578125 0.2453125
0 0.27265625 0.5359375 0.10078125 0.15859375
0 0.3078125 0.4578125 0.06015625 0.19453125
0 0.3421875 0.53125 0.0671875 0.15625
0 0.4234375 0.47265625 0.1296875 0.2546875
0 0.4125 0.53828125 0.08203125 0.15390625
0 0.48828125 0.53828125 0.0890625 0.15390625
0 0.525 0.47734375 0.05546875 0.2140625
0 0.5734375 0.53828125 0.084375 0.15390625
0 0.57421875 0.44453125 0.05078125 0.2140625
0 0.61875 0.453125 0.06015625 0.271875
0 0.66015625 0.54296875 0.10078125 0.14453125
0 0.66796875 0.459375 0.09375 0.25
0 0.71484375 0.5046875 0.05546875 0.19453125
0 0.765625 0.478125 0.1109375 0.25703125
0 0.79921875 0.4375 0.040625 0.1515625
0 0.853125 0.478125 0.09609375 0.2640625
0 0.9328125 0.46640625 0.1078125 0.28125