0 0.83984375 0.61640625 0.13203125 0.271875
0 0.1390625 0.9640625 0.03359375 0.0671875
0 0.2015625 0.86875 0.0265625 0.115625
0 0.2328125 0.8640625 0.02421875 0.125
0 0.26796875 0.8640625 0.021875 0.09140625
0 0.3078125 0.87109375 0.03359375 0.115625
0 0.3453125 0.8296875 0.01171875 0.02890625
0 0.40625 0.87265625 0.03828125 0.1078125
0 0.59375 0.9828125 0.02890625 0.03125
0 0.60703125 0.9640625 0.03125 0.0671875
0 0.81953125 0.96171875 0.040625 0.07421875
0 0.95078125 0.96484375 0.021875 0.03359375