0 0.42578125 0.93046875 0.05625 0.11875
0 0.4734375 0.9125 0.0671875 0.1265625
0 0.53125 0.69375 0.1296875 0.0953125
0 0.53984375 0.83515625 0.0515625 0.103125
0 0.56328125 0.8171875 0.04375 0.10625
0 0.609375 0.85078125 0.05625 0.1296875
0 0.6328125 0.771875 0.0515625 0.1046875
0 0.7046875 0.796875 0.0578125 0.0859375
0 0.73359375 0.6734375 0.1265625 0.15
0 0.9078125 0.54296875 0.0890625 0.1515625
0 0.89296875 0.4515625 0.04375 0.084375
0 0.94609375 0.540625 0.0859375 0.1234375
0 0.953125 0.559375 0.040625 0.06875