0 0.3453125 0.90859375 0.0359375 0.11328125
0 0.3953125 0.9 0.0453125 0.1203125
0 0.49375 0.69609375 0.11796875 0.07421875
0 0.475 0.83671875 0.03359375 0.0984375
0 0.5015625 0.8234375 0.02421875 0.103125
0 0.540625 0.865625 0.03359375 0.125
0 0.578125 0.7921875 0.03359375 0.10078125
0 0.64453125 0.83046875 0.04296875 0.0796875
0 0.69609375 0.71484375 0.103125 0.13203125
0 0.8921875 0.6203125 0.0625 0.1421875
0 0.8953125 0.52734375 0.02890625 0.0796875
0 0.93046875 0.625 0.06484375 0.11328125
0 0.93359375 0.64453125 0.02890625 0.06484375