0 0.0875 0.4640625 0.05546875 0.2359375
0 0.04296875 0.446875 0.0359375 0.16796875
0 0.0734375 0.4546875 0.02421875 0.146875
0 0.0734375 0.14296875 0.00703125 0.01171875
0 0.0828125 0.13125 0.0140625 0.02421875
0 0.08671875 0.16015625 0.021875 0.0265625
0 0.09375 0.1671875 0.01171875 0.021875
0 0.33515625 0.37109375 0.021875 0.05078125
0 0.33984375 0.14921875 0.009375 0.03125
0 0.353125 0.3796875 0.0171875 0.0625
0 0.38671875 0.16015625 0.02421875 0.01953125
0 0.39453125 0.35703125 0.009375 0.009375
0 0.40859375 0.6765625 0.03359375 0.08671875
0 0.4234375 0.353125 0.01171875 0.0171875
0 0.44375 0.37734375 0.01953125 0.05546875
0 0.57109375 0.31640625 0.25 0.03359375
0 0.4640625 0.37265625 0.01953125 0.053125
0 0.4859375 0.36875 0.021875 0.0578125
0 0.52890625 0.35703125 0.04296875 0.103125
0 0.53515625 0.01796875 0.01953125 0.0265625
0 0.5328125 0.06640625 0.009375 0.03828125
0 0.546875 0.06640625 0.0171875 0.03359375
0 0.58984375 0.38125 0.05546875 0.06484375
0 0.62265625 0.35703125 0.01953125 0.0453125
0 0.65234375 0.35703125 0.03359375 0.053125
0 0.81015625 0.353125 0.2453125 0.08671875
0 0.8421875 0.80390625 0.06953125 0.1390625
0 0.975 0.33984375 0.0453125 0.0484375
0 0.98046875 0.79921875 0.0359375 0.125