0 0.10859375 0.365625 0.1109375 0.2421875
0 0.06953125 0.3375 0.075 0.171875
0 0.096875 0.353125 0.059375 0.1484375
0 0.17265625 0.05 0.009375 0.0125
0 0.184375 0.04140625 0.01875 0.0265625
0 0.18125 0.0703125 0.028125 0.03125
0 0.18671875 0.07890625 0.0171875 0.0234375
0 0.37109375 0.33515625 0.0328125 0.0546875
0 0.4296875 0.12109375 0.0171875 0.0328125
0 0.38671875 0.34765625 0.03125 0.0640625
0 0.47265625 0.14296875 0.028125 0.025
0 0.43203125 0.3359375 0.0109375 0.0109375
0 0.36875 0.64921875 0.053125 0.0921875
0 0.4609375 0.3390625 0.015625 0.01875
0 0.475 0.3671875 0.0328125 0.0578125
0 0.61328125 0.3390625 0.25 0.09375
0 0.49609375 0.36796875 0.03125 0.05625
0 0.51796875 0.36953125 0.0359375 0.0609375
0 0.5625 0.36796875 0.0671875 0.1109375
0 0.65078125 0.040625 0.025 0.03125
0 0.63671875 0.0875 0.01875 0.0390625
0 0.65 0.090625 0.025 0.0375
0 0.615625 0.40625 0.06875 0.0765625
0 0.65390625 0.390625 0.0296875 0.0484375
0 0.68203125 0.3984375 0.0453125 0.059375
0 0.83671875 0.4328125 0.259375 0.14375
0 0.75859375 0.87734375 0.1015625 0.1515625
0 0.9859375 0.45859375 0.028125 0.0578125
0 0.89375 0.90625 0.065625 0.1296875