0 0.1296875 0.771875 0.0484375 0.13203125
0 0.12109375 0.7609375 0.021875 0.125
0 0.165625 0.76796875 0.0265625 0.1421875
0 0.19609375 0.7828125 0.05078125 0.15390625
0 0.2671875 0.79453125 0.0453125 0.165625
0 0.3328125 0.771875 0.0671875 0.1609375
0 0.3796875 0.7765625 0.0453125 0.14453125
0 0.4375 0.775 0.0359375 0.15390625
0 0.45703125 0.77265625 0.0359375 0.17578125
0 0.47734375 0.7796875 0.03828125 0.1734375
0 0.55859375 0.78125 0.053125 0.13671875
0 0.71484375 0.78828125 0.02890625 0.15625