0 0.0265625 0.875 0.05078125 0.13203125
0 0.05390625 0.95078125 0.08203125 0.09609375
0 0.0984375 0.88203125 0.05546875 0.09140625
0 0.1234375 0.9171875 0.103125 0.1609375
0 0.19375 0.8796875 0.05078125 0.08671875
0 0.22578125 0.9625 0.0984375 0.071875
0 0.2296875 0.88828125 0.05546875 0.07421875
0 0.290625 0.91484375 0.0671875 0.103125
0 0.35078125 0.93125 0.0453125 0.084375
0 0.38125 0.93515625 0.05078125 0.071875
0 0.4015625 0.875 0.04296875 0.06015625
0 0.44609375 0.9375 0.08671875 0.0765625
0 0.4734375 0.96171875 0.040625 0.07421875
0 0.51953125 0.96171875 0.04296875 0.07421875
0 0.60546875 0.2875 0.2015625 0.2640625