0 0.0609375 0.91484375 0.0625 0.1359375
0 0.09375 0.96796875 0.090625 0.0640625
0 0.13359375 0.915625 0.0625 0.0953125
0 0.16015625 0.93203125 0.1171875 0.1359375
0 0.228125 0.9046875 0.0578125 0.090625
0 0.26640625 0.971875 0.1046875 0.05625
0 0.26484375 0.91015625 0.0625 0.078125
0 0.32734375 0.93125 0.0765625 0.1078125
0 0.3890625 0.94296875 0.053125 0.0875
0 0.41953125 0.94375 0.05625 0.0765625
0 0.434375 0.88203125 0.0484375 0.0640625
0 0.484375 0.940625 0.09375 0.084375
0 0.5140625 0.96171875 0.046875 0.0765625
0 0.559375 0.95859375 0.05 0.078125
0 0.58671875 0.27890625 0.2234375 0.28125