0 0.01328125 0.3125 0.0265625 0.046875
0 0.06640625 0.31953125 0.0484375 0.0828125
0 0.10625 0.33125 0.0515625 0.0921875
0 0.1625 0.31796875 0.059375 0.0875
0 0.20078125 0.30625 0.040625 0.0671875
0 0.221875 0.3046875 0.025 0.0703125
0 0.47890625 0.290625 0.04375 0.0828125
0 0.51015625 0.2890625 0.0828125 0.125
0 0.73203125 0.27109375 0.0234375 0.059375
0 0.78515625 0.26796875 0.034375 0.0546875
0 0.81171875 0.2546875 0.0296875 0.040625
0 0.8359375 0.25546875 0.0234375 0.034375
0 0.8953125 0.26640625 0.065625 0.0734375