0 0.02421875 0.27890625 0.03125 0.0453125
0 0.0796875 0.28984375 0.04296875 0.0796875
0 0.11875 0.30390625 0.0453125 0.0890625
0 0.17578125 0.29453125 0.053125 0.084375
0 0.21484375 0.2859375 0.0359375 0.06484375
0 0.2359375 0.2859375 0.01953125 0.06953125
0 0.49375 0.28984375 0.03828125 0.0796875
0 0.525 0.290625 0.07421875 0.1203125
0 0.74765625 0.2875 0.01953125 0.0578125
0 0.80078125 0.28828125 0.03125 0.053125
0 0.828125 0.27734375 0.0265625 0.03828125
0 0.85234375 0.2796875 0.021875 0.03359375
0 0.9109375 0.29453125 0.06015625 0.06953125