0 0.06875 0.51484375 0.04375 0.0703125
0 0.15625 0.74921875 0.0765625 0.3
0 0.20625 0.4203125 0.0375 0.1078125
0 0.25859375 0.7515625 0.0765625 0.3
0 0.23515625 0.39765625 0.0234375 0.0875
0 0.28671875 0.54453125 0.053125 0.1796875
0 0.28046875 0.33046875 0.0234375 0.0984375
0 0.3125 0.36953125 0.025 0.075
0 0.3546875 0.46953125 0.028125 0.134375
0 0.38203125 0.80546875 0.0609375 0.1796875
0 0.39921875 0.75390625 0.071875 0.284375
0 0.37421875 0.328125 0.0265625 0.096875
0 0.3984375 0.475 0.028125 0.11875
0 0.396875 0.325 0.0203125 0.0875
0 0.42265625 0.328125 0.0265625 0.103125
0 0.45546875 0.7421875 0.0734375 0.328125
0 0.44765625 0.44765625 0.0375 0.05625
0 0.5046875 0.39453125 0.021875 0.09375
0 0.53203125 0.39609375 0.0328125 0.1109375
0 0.57890625 0.328125 0.0265625 0.10625
0 0.61328125 0.5984375 0.0640625 0.20625
0 0.61796875 0.334375 0.021875 0.0921875
0 0.69296875 0.59765625 0.0515625 0.215625
0 0.81328125 0.46953125 0.0234375 0.1203125