0 0.0515625 0.73828125 0.0828125 0.2515625
0 0.12734375 0.68984375 0.0828125 0.23125
0 0.2140625 0.7296875 0.08125 0.16875
0 0.271875 0.7328125 0.0609375 0.1484375
0 0.30703125 0.72265625 0.0625 0.125
0 0.41015625 0.75859375 0.14375 0.0875
0 0.36875 0.684375 0.0859375 0.19375
0 0.4328125 0.690625 0.040625 0.11875
0 0.4703125 0.7 0.065625 0.125
0 0.52578125 0.76015625 0.128125 0.1109375
0 0.50859375 0.68359375 0.065625 0.134375
0 0.56484375 0.70234375 0.075 0.1703125
0 0.6203125 0.6875 0.090625 0.2265625
0 0.65859375 0.6609375 0.0859375 0.184375
0 0.70078125 0.68515625 0.071875 0.1703125
0 0.75546875 0.6890625 0.08125 0.1859375
0 0.80625 0.6984375 0.0703125 0.1984375
0 0.83984375 0.67734375 0.0578125 0.1765625
0 0.89296875 0.69453125 0.1015625 0.196875
0 0.95234375 0.6390625 0.0828125 0.265625