0 0.02890625 0.68984375 0.0578125 0.24765625
0 0.109375 0.65 0.06015625 0.22578125
0 0.19140625 0.6984375 0.06484375 0.16328125
0 0.2484375 0.7078125 0.0453125 0.14453125
0 0.28515625 0.7015625 0.05078125 0.1203125
0 0.38359375 0.74765625 0.13671875 0.07421875
0 0.35 0.66953125 0.0671875 0.1875
0 0.41328125 0.6828125 0.02890625 0.115625
0 0.44921875 0.69609375 0.053125 0.1203125
0 0.4984375 0.76171875 0.11796875 0.0984375
0 0.4890625 0.68359375 0.053125 0.1296875
0 0.54296875 0.7078125 0.0578125 0.165625
0 0.6 0.69921875 0.0671875 0.22109375
0 0.640625 0.6765625 0.0671875 0.178125
0 0.68046875 0.70546875 0.05546875 0.165625
0 0.734375 0.71484375 0.0625 0.18046875
0 0.78359375 0.7296875 0.05078125 0.19453125
0 0.81953125 0.71171875 0.040625 0.1734375
0 0.8703125 0.734375 0.08203125 0.18984375
0 0.93515625 0.6859375 0.05546875 0.26171875