0 0.06640625 0.71171875 0.1296875 0.26171875
0 0.03828125 0.5921875 0.04296875 0.14921875
0 0.28828125 0.56484375 0.02421875 0.084375
0 0.3140625 0.578125 0.0265625 0.0890625
0 0.33671875 0.625 0.0671875 0.10546875
0 0.3640625 0.7359375 0.06953125 0.19921875
0 0.4859375 0.6609375 0.0625 0.1296875
0 0.53125 0.68359375 0.0625 0.18984375
0 0.58515625 0.66796875 0.040625 0.1421875
0 0.62109375 0.6703125 0.07421875 0.23046875
0 0.6859375 0.546875 0.021875 0.03125
0 0.8171875 0.5625 0.0359375 0.1109375
0 0.85078125 0.65 0.07421875 0.2671875
0 0.8921875 0.62109375 0.05546875 0.19921875
0 0.92890625 0.6296875 0.0453125 0.1921875
0 0.9640625 0.61796875 0.05078125 0.18515625