0 0.9390625 0.625 0.121875 0.28125
0 0.96796875 0.50234375 0.0640625 0.1546875
0 0.7203125 0.5234375 0.040625 0.0875
0 0.69765625 0.54140625 0.04375 0.0921875
0 0.684375 0.59140625 0.0859375 0.115625
0 0.678125 0.70546875 0.10625 0.209375
0 0.54453125 0.65546875 0.0859375 0.1390625
0 0.5046875 0.6859375 0.096875 0.1984375
0 0.4484375 0.68125 0.0671875 0.146875
0 0.41328125 0.690625 0.1171875 0.240625
0 0.3265625 0.58125 0.028125 0.034375
0 0.20078125 0.621875 0.05625 0.115625
0 0.184375 0.7140625 0.1234375 0.2765625
0 0.13828125 0.69375 0.0921875 0.20625
0 0.10390625 0.709375 0.08125 0.196875
0 0.0671875 0.7046875 0.0859375 0.1921875