0 0.00703125 0.4421875 0.0140625 0.234375
0 0.06171875 0.421875 0.09375 0.2265625
0 0.20859375 0.33359375 0.0390625 0.06875
0 0.45546875 0.35390625 0.0953125 0.240625
0 0.5265625 0.35546875 0.0796875 0.203125
0 0.575 0.33828125 0.1015625 0.2265625
0 0.678125 0.28125 0.08125 0.1390625
0 0.7515625 0.3421875 0.1359375 0.26875
0 0.7984375 0.2328125 0.04375 0.0703125
0 0.82734375 0.2109375 0.0421875 0.090625
0 0.86875 0.20703125 0.06875 0.0921875
0 0.9 0.20390625 0.05625 0.0921875
0 0.9390625 0.209375 0.0328125 0.0609375