0 0.00625 0.3453125 0.01171875 0.2359375
0 0.084375 0.33984375 0.053125 0.22109375
0 0.2453125 0.28125 0.0265625 0.06484375
0 0.484375 0.3484375 0.05078125 0.2359375
0 0.55390625 0.36328125 0.04296875 0.19921875
0 0.6046875 0.35546875 0.06015625 0.21875
0 0.71640625 0.31953125 0.0578125 0.1296875
0 0.77734375 0.39296875 0.0890625 0.25703125
0 0.84375 0.29453125 0.03125 0.06484375
0 0.8765625 0.27890625 0.0265625 0.08671875
0 0.91796875 0.2828125 0.053125 0.084375
0 0.94921875 0.2859375 0.040625 0.08671875
0 0.98671875 0.2984375 0.021875 0.0578125