0 0.1453125 0.79453125 0.290625 0.40390625
0 0.22578125 0.6734375 0.0796875 0.25234375
0 0.31015625 0.678125 0.0765625 0.240625
0 0.39765625 0.6890625 0.06953125 0.22109375
0 0.46875 0.6875 0.06953125 0.228125
0 0.5328125 0.5015625 0.17578125 0.23046875
0 0.553125 0.6890625 0.0671875 0.24296875
0 0.6359375 0.6890625 0.0796875 0.228125
0 0.71875 0.68984375 0.09375 0.21171875
0 0.7953125 0.69140625 0.12734375 0.24765625
0 0.86875 0.6703125 0.1390625 0.271875
0 0.9375 0.81953125 0.12265625 0.3578125