0 0.90703125 0.18203125 0.0671875 0.215625
0 0.9859375 0.20546875 0.028125 0.1359375
0 0.93984375 0.1859375 0.021875 0.0390625
0 0.7703125 0.18125 0.025 0.0828125
0 0.53984375 0.1515625 0.0171875 0.05625
0 0.52734375 0.165625 0.0140625 0.034375
0 0.4671875 0.14375 0.0265625 0.065625
0 0.453125 0.1546875 0.0140625 0.03125
0 0.44453125 0.15390625 0.015625 0.0484375
0 0.4 0.165625 0.05625 0.196875
0 0.33046875 0.18203125 0.0328125 0.1234375
0 0.29375 0.18671875 0.04375 0.121875
0 0.23046875 0.15625 0.0265625 0.128125
0 0.1921875 0.140625 0.0328125 0.1234375
0 0.16484375 0.13671875 0.0359375 0.14375
0 0.12578125 0.11171875 0.0125 0.0515625
0 0.121875 0.05234375 0.0109375 0.0203125
0 0.11484375 0.1125 0.0125 0.05625
0 0.11328125 0.0515625 0.00625 0.0203125
0 0.0703125 0.18671875 0.071875 0.1484375