0 0.11640625 0.1546875 0.053125 0.21171875
0 0.02890625 0.171875 0.03359375 0.134375
0 0.0828125 0.15625 0.01953125 0.03828125
0 0.25234375 0.16328125 0.01953125 0.08203125
0 0.484375 0.15 0.0140625 0.05546875
0 0.49609375 0.16484375 0.01171875 0.03359375
0 0.5578125 0.146875 0.021875 0.06484375
0 0.57109375 0.15859375 0.01171875 0.03125
0 0.5796875 0.15859375 0.01171875 0.0484375
0 0.6234375 0.1734375 0.04296875 0.19453125
0 0.69140625 0.19453125 0.02421875 0.12265625
0 0.72734375 0.2015625 0.0359375 0.1203125
0 0.79296875 0.17578125 0.0171875 0.12734375
0 0.83203125 0.16328125 0.02421875 0.12265625
0 0.859375 0.1609375 0.0265625 0.1421875
0 0.9 0.1390625 0.009375 0.05078125
0 0.90859375 0.0796875 0.009375 0.01953125
0 0.9109375 0.140625 0.009375 0.05546875
0 0.9171875 0.0796875 0.0046875 0.01953125
0 0.95078125 0.2171875 0.0625 0.14453125