0 0.9359375 0.37890625 0.084375 0.18515625
0 0.1140625 0.39765625 0.2140625 0.2640625
0 0.39453125 0.2515625 0.0671875 0.1296875
0 0.4390625 0.25390625 0.0484375 0.1078125
0 0.44921875 0.3234375 0.05546875 0.12734375
0 0.515625 0.27265625 0.0671875 0.19921875
0 0.55078125 0.33671875 0.0984375 0.178125
0 0.56953125 0.3421875 0.03828125 0.103125
0 0.76171875 0.41484375 0.13203125 0.2671875
0 0.97265625 0.3703125 0.05078125 0.10546875
0 0.959375 0.3109375 0.021875 0.03359375
0 0.99140625 0.33203125 0.0140625 0.05546875