0 0.0265625 0.353125 0.0375 0.0546875
0 0.053125 0.45546875 0.10625 0.2390625
0 0.04375 0.35859375 0.040625 0.0625
0 0.07265625 0.33984375 0.0234375 0.05
0 0.12265625 0.36171875 0.0328125 0.06875
0 0.14765625 0.35859375 0.0359375 0.059375
0 0.18125 0.375 0.0625 0.06875
0 0.19375 0.43828125 0.0875 0.240625
0 0.23671875 0.43671875 0.053125 0.2140625
0 0.27734375 0.44375 0.08125 0.2328125
0 0.26640625 0.3859375 0.03125 0.0734375
0 0.35625 0.3875 0.0546875 0.1
0 0.54296875 0.6609375 0.3546875 0.659375
0 0.596875 0.32265625 0.0671875 0.1984375