0 0.0171875 0.38671875 0.03359375 0.053125
0 0.04921875 0.48671875 0.09375 0.2328125
0 0.03515625 0.390625 0.0359375 0.06015625
0 0.0625 0.3703125 0.01953125 0.0484375
0 0.1140625 0.38828125 0.02890625 0.0671875
0 0.13828125 0.38359375 0.03125 0.0578125
0 0.1734375 0.39765625 0.0578125 0.06484375
0 0.18984375 0.46015625 0.071875 0.2359375
0 0.2328125 0.45546875 0.03828125 0.21171875
0 0.27421875 0.459375 0.06484375 0.228125
0 0.259375 0.40234375 0.0265625 0.071875
0 0.3484375 0.39765625 0.0484375 0.09609375
0 0.55390625 0.6578125 0.31015625 0.6390625
0 0.584375 0.31640625 0.053125 0.19453125