0 0.0828125 0.6640625 0.165625 0.265625
0 0.2546875 0.65234375 0.1578125 0.2671875
0 0.24375 0.49609375 0.0734375 0.0921875
0 0.33203125 0.503125 0.0984375 0.103125
0 0.32890625 0.5625 0.0828125 0.159375
0 0.38671875 0.453125 0.0921875 0.1203125
0 0.4296875 0.5703125 0.103125 0.1828125
0 0.4515625 0.49609375 0.065625 0.1203125
0 0.5046875 0.33515625 0.065625 0.10625
0 0.521875 0.40859375 0.109375 0.18125
0 0.54375 0.5375 0.115625 0.15
0 0.56875 0.30703125 0.0375 0.0640625
0 0.5890625 0.3796875 0.0859375 0.1953125
0 0.6375 0.4 0.0828125 0.2171875
0 0.73515625 0.534375 0.078125 0.1171875
0 0.90078125 0.575 0.1234375 0.1890625