0 0.09140625 0.6859375 0.15625 0.25703125
0 0.26328125 0.66484375 0.14453125 0.259375
0 0.24375 0.509375 0.06953125 0.0890625
0 0.33203125 0.51171875 0.09375 0.0984375
0 0.33203125 0.57109375 0.07421875 0.15625
0 0.384375 0.459375 0.08671875 0.115625
0 0.43359375 0.57421875 0.09375 0.178125
0 0.4515625 0.4984375 0.06015625 0.11796875
0 0.49609375 0.33515625 0.06015625 0.103125
0 0.5171875 0.4078125 0.10078125 0.17578125
0 0.5453125 0.53515625 0.1078125 0.14453125
0 0.55859375 0.30390625 0.03359375 0.0625
0 0.5828125 0.375 0.0765625 0.1921875
0 0.63203125 0.39296875 0.071875 0.2140625
0 0.73671875 0.521875 0.071875 0.11328125
0 0.90390625 0.55390625 0.11328125 0.1828125