0 0.02890625 0.58046875 0.0578125 0.1234375
0 0.43046875 0.890625 0.3265625 0.21875
0 0.346875 0.4734375 0.084375 0.2109375
0 0.38515625 0.4609375 0.08125 0.18125
0 0.46171875 0.57265625 0.1421875 0.2125
0 0.43046875 0.45 0.078125 0.1640625
0 0.46796875 0.45703125 0.08125 0.1890625
0 0.475 0.3984375 0.0515625 0.078125
0 0.54296875 0.5296875 0.15 0.240625
0 0.50625 0.4 0.0734375 0.096875
0 0.57265625 0.44609375 0.1140625 0.228125
0 0.53203125 0.36171875 0.0375 0.0640625
0 0.60546875 0.4234375 0.0828125 0.196875
0 0.7640625 0.7140625 0.2203125 0.1546875
0 0.634375 0.428125 0.04375 0.1234375
0 0.6625 0.42421875 0.121875 0.234375
0 0.703125 0.41484375 0.1703125 0.240625
0 0.790625 0.39921875 0.1265625 0.259375