0 0.009375 0.6390625 0.0171875 0.0578125
0 0.009375 0.70703125 0.01171875 0.0625
0 0.0265625 0.62734375 0.021875 0.040625
0 0.03984375 0.6890625 0.0359375 0.084375
0 0.0734375 0.79296875 0.0984375 0.18984375
0 0.0453125 0.63359375 0.0171875 0.03828125
0 0.053125 0.634375 0.01171875 0.04296875
0 0.06640625 0.6890625 0.03828125 0.084375
0 0.06953125 0.64765625 0.02890625 0.08203125
0 0.09375 0.65625 0.02421875 0.09140625
0 0.15625 0.7796875 0.0765625 0.23828125
0 0.1515625 0.65390625 0.01953125 0.08671875
0 0.15 0.61328125 0.009375 0.03359375
0 0.1765625 0.6421875 0.01953125 0.0578125
0 0.1890625 0.6671875 0.02890625 0.0890625
0 0.2015625 0.7125 0.04296875 0.0578125
0 0.20546875 0.6453125 0.021875 0.06953125
0 0.2296875 0.703125 0.02421875 0.053125
0 0.234375 0.64765625 0.02890625 0.06484375
0 0.2453125 0.69375 0.02421875 0.07421875
0 0.2671875 0.68046875 0.0265625 0.0671875
0 0.3140625 0.80390625 0.09140625 0.1734375
0 0.2828125 0.69609375 0.02421875 0.05078125
0 0.32578125 0.82421875 0.071875 0.1921875
0 0.30078125 0.66953125 0.0171875 0.0453125
0 0.33046875 0.6625 0.021875 0.03828125
0 0.35 0.64453125 0.02421875 0.040625
0 0.3453125 0.665625 0.01171875 0.0265625
0 0.384375 0.803125 0.0796875 0.19453125
0 0.3609375 0.67578125 0.01953125 0.021875
0 0.3734375 0.63671875 0.0265625 0.053125
0 0.36875 0.6609375 0.01171875 0.02421875
0 0.39921875 0.6453125 0.021875 0.05078125
0 0.4171875 0.6359375 0.0140625 0.02890625
0 0.43046875 0.63203125 0.021875 0.02890625
0 0.56875 0.77265625 0.05078125 0.1515625
0 0.63125 0.64921875 0.021875 0.0671875
0 0.64296875 0.62265625 0.01171875 0.02421875
0 0.65390625 0.6203125 0.0140625 0.02421875
0 0.678125 0.65625 0.02421875 0.0671875
0 0.6890625 0.6109375 0.00703125 0.01953125
0 0.696875 0.66328125 0.02421875 0.0484375
0 0.709375 0.63203125 0.01953125 0.0359375
0 0.71875 0.66953125 0.02890625 0.0578125
0 0.72578125 0.62109375 0.009375 0.02421875
0 0.75703125 0.74140625 0.06953125 0.13203125
0 0.7640625 0.73046875 0.06953125 0.1109375
0 0.75 0.6703125 0.0265625 0.08671875
0 0.75625 0.61328125 0.021875 0.0484375
0 0.77421875 0.6890625 0.021875 0.05078125
0 0.8140625 0.75234375 0.05546875 0.11796875
0 0.80078125 0.6453125 0.0140625 0.053125
0 0.81953125 0.646875 0.0140625 0.0625
0 0.8609375 0.68359375 0.03828125 0.0796875
0 0.8890625 0.68984375 0.03359375 0.0765625
0 0.896875 0.6296875 0.00703125 0.03828125
0 0.90625 0.63125 0.01171875 0.03125
0 0.915625 0.646875 0.021875 0.0625
0 0.93359375 0.63671875 0.0140625 0.0890625
0 0.94453125 0.640625 0.009375 0.0359375
0 0.9625 0.69609375 0.04296875 0.084375
0 0.9578125 0.6359375 0.02421875 0.09140625
0 0.9828125 0.640625 0.021875 0.10078125