0 0.98828125 0.64765625 0.01875 0.0578125
0 0.98671875 0.715625 0.0125 0.0625
0 0.97109375 0.6359375 0.021875 0.040625
0 0.95703125 0.696875 0.0375 0.084375
0 0.92109375 0.8 0.1015625 0.1921875
0 0.95234375 0.64140625 0.0171875 0.0390625
0 0.94453125 0.6421875 0.0125 0.04375
0 0.93046875 0.696875 0.0390625 0.084375
0 0.928125 0.65546875 0.0296875 0.0828125
0 0.903125 0.66328125 0.0265625 0.0921875
0 0.8390625 0.7859375 0.08125 0.2390625
0 0.8453125 0.66015625 0.0203125 0.0875
0 0.84765625 0.61953125 0.009375 0.034375
0 0.82109375 0.64765625 0.0203125 0.0578125
0 0.8078125 0.67265625 0.0296875 0.0890625
0 0.79453125 0.71796875 0.04375 0.0578125
0 0.7921875 0.65078125 0.0234375 0.0703125
0 0.76640625 0.7078125 0.025 0.053125
0 0.76328125 0.65234375 0.0296875 0.065625
0 0.7515625 0.6984375 0.025 0.075
0 0.7296875 0.684375 0.028125 0.0671875
0 0.68046875 0.80703125 0.09375 0.175
0 0.7140625 0.7 0.025 0.0515625
0 0.66875 0.82734375 0.075 0.19375
0 0.69609375 0.67265625 0.01875 0.0453125
0 0.66640625 0.665625 0.021875 0.0390625
0 0.64765625 0.646875 0.025 0.040625
0 0.6515625 0.66796875 0.0125 0.0265625
0 0.61015625 0.80546875 0.0828125 0.1953125
0 0.6359375 0.678125 0.0203125 0.021875
0 0.62421875 0.6390625 0.028125 0.053125
0 0.628125 0.66328125 0.0125 0.025
0 0.5984375 0.646875 0.0234375 0.0515625
0 0.58046875 0.6375 0.0140625 0.0296875
0 0.5671875 0.63359375 0.021875 0.0296875
0 0.4265625 0.77109375 0.053125 0.153125
0 0.36640625 0.646875 0.0234375 0.0671875
0 0.3546875 0.6203125 0.0125 0.025
0 0.34375 0.61796875 0.0140625 0.025
0 0.31953125 0.653125 0.025 0.0671875
0 0.309375 0.6078125 0.0078125 0.0203125
0 0.3 0.66015625 0.025 0.0484375
0 0.28828125 0.628125 0.0203125 0.0359375
0 0.278125 0.665625 0.0296875 0.0578125
0 0.271875 0.6171875 0.009375 0.025
0 0.2390625 0.73671875 0.071875 0.1328125
0 0.23203125 0.72578125 0.071875 0.1125
0 0.246875 0.665625 0.028125 0.0875
0 0.2421875 0.60859375 0.0234375 0.0484375
0 0.22265625 0.684375 0.0234375 0.0515625
0 0.18125 0.746875 0.0578125 0.11875
0 0.196875 0.63984375 0.015625 0.053125
0 0.178125 0.64140625 0.015625 0.0625
0 0.1359375 0.67734375 0.0390625 0.0796875
0 0.1078125 0.6828125 0.034375 0.0765625
0 0.10078125 0.62265625 0.0078125 0.0390625
0 0.09140625 0.62421875 0.0125 0.03125
0 0.08203125 0.63984375 0.0234375 0.0625
0 0.0640625 0.62890625 0.015625 0.0890625
0 0.053125 0.6328125 0.009375 0.0359375
0 0.034375 0.68828125 0.04375 0.084375
0 0.03984375 0.628125 0.0265625 0.0921875
0 0.01484375 0.63203125 0.0234375 0.1015625