0 0.34765625 0.3953125 0.021875 0.17578125
0 0.36640625 0.41015625 0.0359375 0.0984375
0 0.4078125 0.8796875 0.11328125 0.11328125
0 0.375 0.45078125 0.021875 0.04296875
0 0.38671875 0.37890625 0.021875 0.03828125
0 0.3953125 0.42578125 0.01953125 0.08203125
0 0.40625 0.38828125 0.021875 0.05078125
0 0.41484375 0.44453125 0.02421875 0.0359375
0 0.45703125 0.57421875 0.09140625 0.08671875
0 0.42890625 0.415625 0.0265625 0.08203125
0 0.43125 0.36328125 0.02890625 0.0453125
0 0.44609375 0.41328125 0.021875 0.0796875
0 0.459375 0.39296875 0.02421875 0.0578125
0 0.46875 0.43359375 0.0265625 0.02890625
0 0.478125 0.4109375 0.021875 0.07421875
0 0.50234375 0.8890625 0.040625 0.21875
0 0.52890625 0.4046875 0.071875 0.19453125
0 0.63671875 0.40859375 0.1421875 0.1109375
0 0.759375 0.39296875 0.06953125 0.1703125
0 0.8484375 0.87109375 0.115625 0.11328125
0 0.859375 0.415625 0.134375 0.1203125
0 0.884375 0.5734375 0.07421875 0.08203125