0 0.66796875 0.4234375 0.0515625 0.1765625
0 0.646875 0.434375 0.053125 0.103125
0 0.525 0.88984375 0.13125 0.13125
0 0.63203125 0.4734375 0.0296875 0.046875
0 0.6328125 0.40078125 0.028125 0.0421875
0 0.615625 0.4453125 0.0328125 0.084375
0 0.61171875 0.40625 0.0296875 0.053125
0 0.59375 0.46015625 0.0296875 0.0390625
0 0.5296875 0.58046875 0.1046875 0.1015625
0 0.584375 0.42890625 0.040625 0.0859375
0 0.59140625 0.37734375 0.0359375 0.05
0 0.56796875 0.42421875 0.0359375 0.0828125
0 0.55859375 0.4015625 0.034375 0.0609375
0 0.5421875 0.43984375 0.03125 0.0328125
0 0.53671875 0.41640625 0.034375 0.0765625
0 0.43046875 0.8828125 0.078125 0.221875
0 0.48828125 0.40078125 0.1046875 0.2046875
0 0.38125 0.3859375 0.159375 0.134375
0 0.26328125 0.34921875 0.0984375 0.1796875
0 0.0921875 0.8046875 0.1328125 0.13125
0 0.1609375 0.3546875 0.153125 0.1421875
0 0.10859375 0.50546875 0.0875 0.09375