0 0.5125 0.61796875 0.2109375 0.6890625
0 0.9609375 0.54609375 0.078125 0.6359375
0 0.9234375 0.50625 0.153125 0.625
0 0.87734375 0.48359375 0.1796875 0.6
0 0.8109375 0.4390625 0.1515625 0.603125
0 0.765625 0.55703125 0.2203125 0.6875
0 0.7 0.53359375 0.1765625 0.6421875
0 0.646875 0.51171875 0.1765625 0.5921875
0 0.59609375 0.48203125 0.165625 0.56875
0 0.43671875 0.56875 0.19375 0.634375
0 0.3984375 0.553125 0.13125 0.55625
0 0.3484375 0.5171875 0.178125 0.56875
0 0.20390625 0.65078125 0.2734375 0.684375
0 0.14453125 0.61328125 0.175 0.6390625
0 0.10078125 0.58515625 0.178125 0.6140625