0 0.00703125 0.59375 0.0140625 0.1296875
0 0.02890625 0.59765625 0.0359375 0.15859375
0 0.0671875 0.609375 0.05546875 0.209375
0 0.12890625 0.62109375 0.084375 0.23828125
0 0.1359375 0.553125 0.06015625 0.1296875
0 0.19609375 0.6140625 0.06953125 0.23828125
0 0.225 0.50703125 0.053125 0.07421875
0 0.25 0.6140625 0.0796875 0.28828125
0 0.3109375 0.625 0.0578125 0.21875
0 0.365625 0.63671875 0.0890625 0.29296875
0 0.41328125 0.6140625 0.05546875 0.2234375
0 0.7875 0.59375 0.0453125 0.084375
0 0.87265625 0.634375 0.0984375 0.35546875
0 0.96875 0.540625 0.03828125 0.21875