0 0.99296875 0.54140625 0.0140625 0.1296875
0 0.9765625 0.54765625 0.046875 0.1609375
0 0.9421875 0.56328125 0.0765625 0.2140625
0 0.88203125 0.58125 0.109375 0.2453125
0 0.86796875 0.51484375 0.0734375 0.1359375
0 0.8140625 0.58203125 0.09375 0.24375
0 0.77421875 0.478125 0.0609375 0.0796875
0 0.7609375 0.5875 0.109375 0.2953125
0 0.70078125 0.6046875 0.0796875 0.2234375
0 0.64765625 0.621875 0.11875 0.3
0 0.5984375 0.6046875 0.078125 0.228125
0 0.22421875 0.6234375 0.053125 0.0890625
0 0.14375 0.67265625 0.134375 0.3640625
0 0.03828125 0.5890625 0.0609375 0.221875