0 0.17890625 0.6140625 0.115625 0.50234375
0 0.2828125 0.59375 0.0890625 0.509375
0 0.30078125 0.3546875 0.0625 0.12265625
0 0.3296875 0.37734375 0.0453125 0.125
0 0.3421875 0.60703125 0.06015625 0.490625
0 0.390625 0.60703125 0.08671875 0.5
0 0.4375 0.5515625 0.06484375 0.4859375
0 0.46484375 0.615625 0.1109375 0.446875
0 0.49375 0.41328125 0.0890625 0.209375
0 0.5578125 0.60703125 0.09609375 0.4828125
0 0.58046875 0.38671875 0.06015625 0.18046875
0 0.6296875 0.59375 0.07421875 0.49765625
0 0.64453125 0.36796875 0.06015625 0.15859375
0 0.69453125 0.54296875 0.05546875 0.4828125
0 0.72734375 0.58515625 0.11796875 0.52421875
0 0.7703125 0.37109375 0.0578125 0.1609375
0 0.80390625 0.5828125 0.0671875 0.50234375
0 0.85078125 0.35546875 0.0890625 0.178125
0 0.86796875 0.57421875 0.06484375 0.5140625
0 0.9375 0.58046875 0.08671875 0.490625