0 0.16328125 0.55078125 0.209375 0.515625
0 0.26875 0.55078125 0.184375 0.5171875
0 0.33203125 0.31953125 0.084375 0.1328125
0 0.35625 0.346875 0.06875 0.13125
0 0.325 0.575 0.153125 0.49375
0 0.371875 0.584375 0.18125 0.5078125
0 0.42890625 0.5390625 0.15625 0.4890625
0 0.44375 0.60703125 0.19375 0.459375
0 0.51015625 0.4140625 0.128125 0.221875
0 0.5359375 0.61640625 0.1859375 0.4921875
0 0.60078125 0.40390625 0.09375 0.1890625
0 0.609375 0.61640625 0.1671875 0.503125
0 0.6671875 0.39765625 0.0890625 0.1671875
0 0.6828125 0.5796875 0.146875 0.484375
0 0.70703125 0.62734375 0.215625 0.5375
0 0.78984375 0.425 0.0875 0.16875
0 0.7828125 0.6390625 0.1625 0.50625
0 0.871875 0.425 0.121875 0.1921875
0 0.846875 0.64296875 0.1625 0.5171875
0 0.9125 0.66171875 0.175 0.4984375