0 0.27109375 0.69609375 0.09375 0.1671875
0 0.05859375 0.74765625 0.084375 0.228125
0 0.05625 0.6953125 0.0375 0.1046875
0 0.06171875 0.6703125 0.015625 0.053125
0 0.08359375 0.7125 0.0453125 0.134375
0 0.08828125 0.65625 0.0296875 0.0421875
0 0.109375 0.67734375 0.0421875 0.090625
0 0.31875 0.69765625 0.0875 0.196875
0 0.44765625 0.6921875 0.1 0.225
0 0.89453125 0.52265625 0.0984375 0.1375
0 0.8828125 0.54375 0.0546875 0.0796875
0 0.946875 0.56796875 0.10625 0.2359375
0 0.96640625 0.5453125 0.0671875 0.24375