0 0.24296875 0.6578125 0.06953125 0.15859375
0 0.025 0.67578125 0.05 0.2234375
0 0.03125 0.6234375 0.021875 0.103125
0 0.040625 0.6 0.00703125 0.053125
0 0.05546875 0.64453125 0.02421875 0.13203125
0 0.06875 0.58984375 0.02421875 0.03828125
0 0.08671875 0.6140625 0.02890625 0.08671875
0 0.28984375 0.6671875 0.0578125 0.18984375
0 0.41796875 0.68125 0.0671875 0.21640625
0 0.8859375 0.584375 0.0796875 0.12734375
0 0.87109375 0.603125 0.04296875 0.07421875
0 0.93515625 0.63828125 0.0796875 0.22578125
0 0.96640625 0.6203125 0.0578125 0.23828125