0 0.3234375 0.603125 0.10625 0.2265625
0 0.8515625 0.46640625 0.071875 0.165625
0 0.61328125 0.51640625 0.090625 0.215625
0 0.59765625 0.54375 0.1078125 0.2171875
0 0.48125 0.5796875 0.0828125 0.196875
0 0.475 0.60546875 0.1234375 0.28125
0 0.4109375 0.60859375 0.1046875 0.2359375
0 0.41796875 0.59765625 0.0625 0.1703125
0 0.35703125 0.5421875 0.021875 0.0484375
0 0.35234375 0.546875 0.0125 0.0296875
0 0.340625 0.5515625 0.01875 0.0390625
0 0.346875 0.60078125 0.06875 0.1734375
0 0.2921875 0.56015625 0.0234375 0.05
0 0.27578125 0.5640625 0.021875 0.0484375
0 0.24296875 0.57265625 0.0265625 0.053125
0 0.21640625 0.58984375 0.03125 0.06875
0 0.1921875 0.59375 0.028125 0.0765625