0 0.475 0.1765625 0.1109375 0.14921875
0 0.0328125 0.73203125 0.02890625 0.05078125
0 0.1078125 0.7515625 0.03359375 0.06015625
0 0.4515625 0.77265625 0.02890625 0.08203125
0 0.47109375 0.76953125 0.01953125 0.06015625
0 0.490625 0.8078125 0.05078125 0.18046875
0 0.5296875 0.85703125 0.0796875 0.2640625
0 0.571875 0.7609375 0.02421875 0.09140625
0 0.584375 0.7671875 0.02890625 0.09140625
0 0.6890625 0.75 0.021875 0.0765625
0 0.78359375 0.759375 0.01953125 0.0625
0 0.8890625 0.7609375 0.02421875 0.0765625
0 0.90859375 0.75390625 0.02421875 0.09609375
0 0.9421875 0.73203125 0.021875 0.0578125