0 0.553125 0.1796875 0.1234375 0.1578125
0 0.9453125 0.771875 0.0328125 0.053125
0 0.86875 0.78515625 0.0390625 0.0625
0 0.52421875 0.77578125 0.0359375 0.084375
0 0.50546875 0.77109375 0.025 0.0609375
0 0.4828125 0.8078125 0.065625 0.184375
0 0.4390625 0.853125 0.103125 0.2703125
0 0.40546875 0.75390625 0.0328125 0.09375
0 0.39296875 0.75859375 0.0375 0.09375
0 0.28984375 0.7328125 0.028125 0.078125
0 0.19453125 0.73359375 0.025 0.0640625
0 0.08984375 0.72578125 0.03125 0.078125
0 0.07109375 0.7171875 0.0328125 0.0984375
0 0.0390625 0.69296875 0.0265625 0.059375