0 0.071875 0.97578125 0.02890625 0.04296875
0 0.084375 0.95546875 0.0171875 0.06015625
0 0.103125 0.9703125 0.021875 0.053125
0 0.17890625 0.57109375 0.0671875 0.09609375
0 0.16328125 0.75234375 0.0171875 0.05546875
0 0.26328125 0.984375 0.021875 0.02890625
0 0.64765625 0.9203125 0.69921875 0.15390625
0 0.34765625 0.5625 0.06953125 0.22109375
0 0.4578125 0.54453125 0.14921875 0.1421875
0 0.46484375 0.43984375 0.02890625 0.08203125
0 0.478125 0.45703125 0.03828125 0.11328125
0 0.5640625 0.5671875 0.06015625 0.2359375
0 0.69609375 0.59765625 0.04296875 0.0765625
0 0.77265625 0.75390625 0.0140625 0.0484375