0 0.13359375 0.9828125 0.0234375 0.034375
0 0.15390625 0.990625 0.0265625 0.01875
0 0.18828125 0.60390625 0.0765625 0.103125
0 0.19140625 0.7859375 0.0234375 0.05625
0 0.3140625 0.9953125 0.025 0.009375
0 0.6671875 0.89453125 0.665625 0.2109375
0 0.3546875 0.578125 0.0921875 0.2265625
0 0.4625 0.5484375 0.1625 0.15625
0 0.45859375 0.44375 0.0375 0.084375
0 0.4734375 0.459375 0.05 0.1171875
0 0.57109375 0.56015625 0.084375 0.240625
0 0.70546875 0.5765625 0.05 0.08125
0 0.79765625 0.72421875 0.01875 0.05