0 0.14765625 0.53984375 0.1203125 0.6109375
0 0.14765625 0.34375 0.2953125 0.19453125
0 0.34375 0.53125 0.134375 0.65625
0 0.48828125 0.546875 0.2046875 0.76953125
0 0.46484375 0.24375 0.0359375 0.05546875
0 0.55078125 0.28828125 0.05078125 0.14921875
0 0.60703125 0.52890625 0.12265625 0.5890625
0 0.57421875 0.28515625 0.04296875 0.115625
0 0.6890625 0.55390625 0.2140625 0.71875
0 0.7359375 0.28828125 0.0484375 0.11328125
0 0.77265625 0.33671875 0.040625 0.14921875
0 0.821875 0.35234375 0.05078125 0.24765625