0 0.95390625 0.74140625 0.0921875 0.4328125
0 0.90859375 0.7578125 0.1078125 0.41875
0 0.8375 0.77578125 0.0875 0.3453125
0 0.79609375 0.86484375 0.09375 0.2125
0 0.675 0.7375 0.128125 0.465625
0 0.6078125 0.76171875 0.0953125 0.43125
0 0.54296875 0.7609375 0.103125 0.4125
0 0.5140625 0.78359375 0.0546875 0.346875
0 0.4828125 0.81328125 0.065625 0.3453125
0 0.44140625 0.78125 0.090625 0.409375
0 0.41171875 0.87109375 0.0625 0.2234375
0 0.3515625 0.79296875 0.096875 0.34375
0 0.3109375 0.7953125 0.0890625 0.3859375
0 0.28359375 0.75859375 0.1109375 0.4234375
0 0.25078125 0.77734375 0.09375 0.44375
0 0.19765625 0.7546875 0.1015625 0.4375
0 0.13125 0.78984375 0.103125 0.36875
0 0.053125 0.74921875 0.10625 0.5015625