0 0.46640625 0.74140625 0.16875 0.3875
0 0.86171875 0.71640625 0.171875 0.3484375
0 0.73203125 0.4265625 0.19375 0.33125
0 0.79921875 0.7015625 0.1484375 0.3578125
0 0.771875 0.73515625 0.1328125 0.3171875
0 0.7296875 0.6890625 0.1390625 0.340625
0 0.68671875 0.69296875 0.1515625 0.3390625
0 0.609375 0.46015625 0.1484375 0.209375
0 0.640625 0.57265625 0.0625 0.0984375
0 0.659375 0.68359375 0.125 0.328125
0 0.6375 0.7109375 0.1359375 0.290625
0 0.596875 0.69453125 0.121875 0.3234375
0 0.5640625 0.70078125 0.1296875 0.321875
0 0.5140625 0.70546875 0.153125 0.36875
0 0.46015625 0.5640625 0.103125 0.128125
0 0.37578125 0.60859375 0.1640625 0.30625
0 0.3484375 0.55859375 0.175 0.346875
0 0.26328125 0.50859375 0.1671875 0.384375