0 0.0671875 0.68828125 0.128125 0.1703125
0 0.096875 0.13203125 0.19375 0.2078125
0 0.1640625 0.52578125 0.328125 0.3484375
0 0.1109375 0.9546875 0.05625 0.090625
0 0.18828125 0.2625 0.1796875 0.0390625
0 0.14921875 0.9203125 0.05 0.1546875
0 0.14921875 0.7140625 0.0328125 0.1015625
0 0.3859375 0.18046875 0.50625 0.0515625
0 0.17265625 0.7265625 0.025 0.0703125
0 0.19921875 0.7125 0.04375 0.109375
0 0.20703125 0.88671875 0.040625 0.1546875
0 0.2625 0.91953125 0.05625 0.1609375
0 0.26171875 0.73359375 0.0359375 0.121875
0 0.28828125 0.71484375 0.0421875 0.1328125
0 0.32265625 0.7578125 0.0375 0.1328125
0 0.3625 0.71875 0.025 0.0375
0 0.3890625 0.7609375 0.034375 0.10625
0 0.41171875 0.78828125 0.028125 0.1234375
0 0.41953125 0.74453125 0.03125 0.075
0 0.434375 0.80625 0.040625 0.1171875
0 0.46953125 0.7109375 0.04375 0.1015625
0 0.484375 0.815625 0.0453125 0.1328125
0 0.51171875 0.78359375 0.0296875 0.1453125
0 0.61875 0.27578125 0.271875 0.0671875
0 0.52109375 0.52421875 0.0421875 0.1140625
0 0.64140625 0.84609375 0.25 0.2
0 0.59375 0.5328125 0.04375 0.1125
0 0.67109375 0.5421875 0.0453125 0.128125
0 0.721875 0.7625 0.0375 0.11875
0 0.85703125 0.48046875 0.2859375 0.2421875
0 0.7515625 0.53984375 0.0375 0.11875
0 0.78125 0.8796875 0.04375 0.14375
0 0.87421875 0.11328125 0.2265625 0.2265625
0 0.82265625 0.89296875 0.0546875 0.171875
0 0.81875 0.2921875 0.0671875 0.06875
0 0.83671875 0.559375 0.0421875 0.1265625
0 0.853125 0.89921875 0.05 0.15
0 0.89765625 0.90703125 0.040625 0.1546875
0 0.91015625 0.87890625 0.0609375 0.1796875
0 0.921875 0.29296875 0.0234375 0.0296875