0 0.0609375 0.6734375 0.121875 0.165625
0 0.10234375 0.11796875 0.2046875 0.2015625
0 0.1609375 0.5140625 0.321875 0.33671875
0 0.09609375 0.946875 0.053125 0.10078125
0 0.196875 0.2515625 0.178125 0.03359375
0 0.134375 0.9078125 0.0453125 0.15390625
0 0.1421875 0.7015625 0.02890625 0.10078125
0 0.396875 0.1765625 0.5046875 0.03359375
0 0.16484375 0.71484375 0.021875 0.06953125
0 0.1921875 0.7015625 0.040625 0.1078125
0 0.19375 0.8765625 0.0359375 0.15390625
0 0.2484375 0.9125 0.05078125 0.1609375
0 0.25390625 0.725 0.03125 0.1203125
0 0.28125 0.70703125 0.03828125 0.13203125
0 0.3140625 0.7515625 0.03359375 0.13203125
0 0.3546875 0.7140625 0.02421875 0.0359375
0 0.3796875 0.75703125 0.03125 0.10546875
0 0.4015625 0.78515625 0.02421875 0.12265625
0 0.4109375 0.74140625 0.02890625 0.07421875
0 0.4234375 0.80390625 0.0359375 0.115625
0 0.4625 0.709375 0.040625 0.10078125
0 0.4734375 0.81484375 0.040625 0.13203125
0 0.5015625 0.78359375 0.02421875 0.14453125
0 0.6265625 0.2796875 0.26953125 0.0578125
0 0.5203125 0.525 0.03828125 0.11328125
0 0.62890625 0.85078125 0.24296875 0.1921875
0 0.5921875 0.5359375 0.040625 0.1109375
0 0.66953125 0.5484375 0.040625 0.12734375
0 0.7125 0.7703125 0.03359375 0.11796875
0 0.859375 0.49375 0.27890625 0.2328125
0 0.75 0.5484375 0.03359375 0.11796875
0 0.76796875 0.8890625 0.03828125 0.1421875
0 0.88828125 0.11796875 0.21875 0.2359375
0 0.80859375 0.90390625 0.0484375 0.1703125
0 0.82578125 0.303125 0.06484375 0.0671875
0 0.834375 0.57109375 0.03828125 0.125
0 0.8390625 0.9109375 0.0453125 0.14921875
0 0.88359375 0.9203125 0.0359375 0.15390625
0 0.896875 0.89296875 0.05546875 0.178125
0 0.92890625 0.3078125 0.021875 0.02890625