0 0.40390625 0.4234375 0.06015625 0.2359375
0 0.7953125 0.36328125 0.05078125 0.2140625
0 0.87734375 0.16953125 0.009375 0.04296875
0 0.88203125 0.234375 0.01171875 0.040625
0 0.8890625 0.1546875 0.0171875 0.05078125
0 0.896875 0.234375 0.01171875 0.0484375
0 0.89921875 0.0765625 0.009375 0.04296875
0 0.9046875 0.14921875 0.01171875 0.040625
0 0.95546875 0.12734375 0.01171875 0.0578125
0 0.9625 0.2125 0.0171875 0.06484375
0 0.9703125 0.02890625 0.0140625 0.053125
0 0.98046875 0.11640625 0.01953125 0.0625
0 0.98828125 0.2015625 0.01953125 0.05546875
0 0.99296875 0.021875 0.01171875 0.04296875