0 0.59609375 0.4234375 0.059375 0.2359375
0 0.2046875 0.36328125 0.05 0.2140625
0 0.12265625 0.16953125 0.009375 0.04375
0 0.11796875 0.234375 0.0125 0.040625
0 0.1109375 0.1546875 0.0171875 0.05
0 0.103125 0.234375 0.0125 0.0484375
0 0.10078125 0.0765625 0.009375 0.04375
0 0.0953125 0.14921875 0.0125 0.040625
0 0.04453125 0.12734375 0.0125 0.0578125
0 0.0375 0.2125 0.0171875 0.065625
0 0.0296875 0.02890625 0.0140625 0.053125
0 0.01953125 0.11640625 0.01875 0.0625
0 0.01171875 0.2015625 0.01875 0.05625
0 0.00703125 0.021875 0.0125 0.04375