0 0.00625 0.55390625 0.01171875 0.1515625
0 0.00625 0.4890625 0.01171875 0.02890625
0 0.021875 0.52265625 0.0265625 0.1078125
0 0.03828125 0.5359375 0.0265625 0.12734375
0 0.0734375 0.5453125 0.04296875 0.1515625
0 0.0890625 0.48671875 0.01171875 0.02890625
0 0.109375 0.53515625 0.02890625 0.12265625
0 0.12890625 0.52265625 0.02890625 0.10546875
0 0.14921875 0.4890625 0.0265625 0.03359375
0 0.14765625 0.51171875 0.01953125 0.08203125
0 0.15859375 0.5484375 0.03359375 0.146875
0 0.1765625 0.5328125 0.0265625 0.115625
0 0.209375 0.4828125 0.0140625 0.02421875
0 0.209375 0.4828125 0.00703125 0.01953125
0 0.21484375 0.51328125 0.0171875 0.071875
0 0.23671875 0.53828125 0.040625 0.15859375
0 0.2546875 0.484375 0.009375 0.0265625
0 0.26171875 0.48671875 0.01171875 0.0359375
0 0.26328125 0.5140625 0.0140625 0.084375
0 0.2765625 0.5265625 0.02890625 0.11328125
0 0.2875 0.4796875 0.0140625 0.02890625
0 0.3015625 0.540625 0.02890625 0.13671875
0 0.3328125 0.521875 0.02890625 0.11796875
0 0.34609375 0.51328125 0.0140625 0.0796875
0 0.3640625 0.53828125 0.02890625 0.134375
0 0.38828125 0.521875 0.02421875 0.11328125
0 0.4171875 0.53828125 0.03359375 0.13203125
0 0.428125 0.484375 0.0171875 0.021875
0 0.4421875 0.52265625 0.021875 0.10078125
0 0.453125 0.50390625 0.0140625 0.0671875
0 0.453125 0.484375 0.01171875 0.03828125
0 0.48828125 0.5359375 0.053125 0.12265625
0 0.484375 0.525 0.0265625 0.09140625
0 0.49765625 0.5140625 0.0265625 0.09609375
0 0.49296875 0.48828125 0.00703125 0.040625
0 0.515625 0.49609375 0.0046875 0.0671875
0 0.53984375 0.52890625 0.03359375 0.125
0 0.55859375 0.509375 0.0171875 0.09609375
0 0.5625 0.5015625 0.01171875 0.0765625
0 0.57578125 0.5140625 0.0171875 0.103125
0 0.5796875 0.50859375 0.0171875 0.08671875
0 0.59375 0.525 0.03359375 0.13203125
0 0.68125 0.525 0.16328125 0.12734375
0 0.6109375 0.51171875 0.01171875 0.0796875
0 0.625 0.50234375 0.0140625 0.0796875
0 0.62734375 0.509375 0.00234375 0.08203125
0 0.6390625 0.5296875 0.01953125 0.11328125
0 0.65625 0.50859375 0.009375 0.071875
0 0.6703125 0.48203125 0.0171875 0.0359375
0 0.69921875 0.5203125 0.0171875 0.10546875
0 0.7296875 0.5015625 0.02890625 0.08671875
0 0.7515625 0.51953125 0.021875 0.10078125
0 0.77265625 0.50390625 0.01953125 0.08203125
0 0.8546875 0.5171875 0.146875 0.13203125
0 0.7953125 0.4984375 0.0171875 0.06484375
0 0.80546875 0.525 0.02890625 0.09140625
0 0.8296875 0.51328125 0.009375 0.0765625
0 0.8421875 0.4984375 0.00703125 0.06015625
0 0.8609375 0.5296875 0.0265625 0.115625
0 0.87890625 0.49609375 0.00234375 0.03828125
0 0.8921875 0.5109375 0.01953125 0.08671875
0 0.9078125 0.51171875 0.00703125 0.103125
0 0.9234375 0.4984375 0.00703125 0.0484375
0 0.93515625 0.4890625 0.0140625 0.053125
0 0.9640625 0.5109375 0.06953125 0.1078125
0 0.95546875 0.5515625 0.0453125 0.18046875
0 0.97265625 0.5109375 0.0140625 0.08203125
0 0.99375 0.50625 0.00703125 0.07421875