0 0.00703125 0.51953125 0.0140625 0.1515625
0 0.00859375 0.4546875 0.0140625 0.0296875
0 0.02109375 0.4890625 0.034375 0.109375
0 0.03671875 0.50390625 0.0359375 0.128125
0 0.07109375 0.515625 0.053125 0.1546875
0 0.090625 0.4578125 0.0140625 0.0296875
0 0.1078125 0.5078125 0.0375 0.125
0 0.128125 0.496875 0.0359375 0.1078125
0 0.15078125 0.46484375 0.028125 0.0359375
0 0.14765625 0.4875 0.025 0.0828125
0 0.15625 0.52421875 0.04375 0.1484375
0 0.175 0.51015625 0.034375 0.1171875
0 0.2109375 0.4625 0.015625 0.025
0 0.2109375 0.4625 0.0078125 0.0203125
0 0.21484375 0.49296875 0.021875 0.0734375
0 0.234375 0.51953125 0.0515625 0.1609375
0 0.25625 0.4671875 0.0109375 0.0265625
0 0.26328125 0.4703125 0.0140625 0.0359375
0 0.2625 0.49765625 0.0203125 0.084375
0 0.275 0.5109375 0.0375 0.115625
0 0.2890625 0.46484375 0.015625 0.0296875
0 0.29921875 0.5265625 0.0390625 0.1390625
0 0.33203125 0.51015625 0.0375 0.1203125
0 0.3453125 0.50234375 0.0203125 0.08125
0 0.36171875 0.52890625 0.0375 0.1359375
0 0.38671875 0.5140625 0.0328125 0.1140625
0 0.41484375 0.53203125 0.0421875 0.134375
0 0.4296875 0.4796875 0.01875 0.0234375
0 0.440625 0.51875 0.028125 0.1015625
0 0.453125 0.50078125 0.01875 0.06875
0 0.4546875 0.48125 0.0140625 0.0390625
0 0.4859375 0.53515625 0.0609375 0.1265625
0 0.4828125 0.52421875 0.0328125 0.09375
0 0.496875 0.5140625 0.0328125 0.0984375
0 0.49375 0.4875 0.009375 0.040625
0 0.515625 0.496875 0.009375 0.0671875
0 0.5375 0.53125 0.0421875 0.1265625
0 0.5578125 0.51328125 0.0234375 0.096875
0 0.5625 0.50625 0.0171875 0.0765625
0 0.575 0.51953125 0.025 0.1046875
0 0.57890625 0.5140625 0.0234375 0.0875
0 0.59140625 0.53125 0.0421875 0.134375
0 0.67890625 0.5375 0.171875 0.1390625
0 0.61015625 0.51953125 0.0171875 0.0796875
0 0.62421875 0.5109375 0.0203125 0.08125
0 0.6265625 0.51796875 0.0078125 0.08125
0 0.63671875 0.5390625 0.028125 0.1140625
0 0.65546875 0.51953125 0.0140625 0.071875
0 0.67109375 0.49375 0.0203125 0.0375
0 0.69765625 0.534375 0.025 0.10625
0 0.72890625 0.51796875 0.034375 0.0890625
0 0.74921875 0.53671875 0.028125 0.1015625
0 0.771875 0.52265625 0.025 0.0828125
0 0.85234375 0.5421875 0.15625 0.1421875
0 0.79453125 0.51875 0.021875 0.065625
0 0.803125 0.54609375 0.0359375 0.09375
0 0.828125 0.5359375 0.0140625 0.0765625
0 0.84140625 0.52265625 0.0109375 0.0609375
0 0.8578125 0.5546875 0.034375 0.1171875
0 0.878125 0.52265625 0.0046875 0.0390625
0 0.890625 0.53828125 0.025 0.0875
0 0.90625 0.53984375 0.0140625 0.103125
0 0.92265625 0.528125 0.0109375 0.0484375
0 0.93515625 0.51953125 0.0171875 0.0546875
0 0.96171875 0.5421875 0.0765625 0.1125
0 0.95078125 0.58359375 0.0578125 0.1828125
0 0.97109375 0.54375 0.0203125 0.0828125
0 0.9921875 0.540625 0.0125 0.075