0 0.89375 0.57109375 0.1828125 0.8421875
0 0.790625 0.453125 0.0375 0.0765625
0 0.77109375 0.42265625 0.021875 0.103125
0 0.71328125 0.42109375 0.05 0.1359375
0 0.64609375 0.4125 0.028125 0.0703125
0 0.62421875 0.41953125 0.0671875 0.1
0 0.6015625 0.41953125 0.025 0.0796875
0 0.58359375 0.40078125 0.021875 0.0359375
0 0.5625 0.4265625 0.0421875 0.103125
0 0.52578125 0.4109375 0.0328125 0.0703125
0 0.5 0.41328125 0.034375 0.04375
0 0.47421875 0.4125 0.0296875 0.04375
0 0.4515625 0.44609375 0.0390625 0.075
0 0.44296875 0.4015625 0.0203125 0.0296875
0 0.26328125 0.478125 0.065625 0.2
0 0.23984375 0.5328125 0.078125 0.20625
0 0.18046875 0.42109375 0.0078125 0.021875
0 0.16875 0.42109375 0.0140625 0.025
0 0.05078125 0.503125 0.0703125 0.2125