0 0.1046875 0.5640625 0.16796875 0.8390625
0 0.21015625 0.4484375 0.0359375 0.0765625
0 0.23046875 0.41796875 0.01953125 0.103125
0 0.28828125 0.4171875 0.0484375 0.134375
0 0.35546875 0.41015625 0.0265625 0.06953125
0 0.37734375 0.4171875 0.06484375 0.0984375
0 0.4 0.41796875 0.02421875 0.0796875
0 0.41796875 0.39921875 0.021875 0.0359375
0 0.4390625 0.42578125 0.040625 0.103125
0 0.47578125 0.41015625 0.03125 0.06953125
0 0.5015625 0.41328125 0.03359375 0.04296875
0 0.52734375 0.41328125 0.02890625 0.04296875
0 0.54921875 0.446875 0.03828125 0.07421875
0 0.55859375 0.40234375 0.01953125 0.02890625
0 0.73671875 0.48203125 0.0625 0.19921875
0 0.759375 0.5375 0.07421875 0.2046875
0 0.82109375 0.4265625 0.00703125 0.021875
0 0.8328125 0.4265625 0.0140625 0.02421875
0 0.94921875 0.5109375 0.0671875 0.21171875