0 0.2171875 0.28828125 0.09609375 0.31015625
0 0.02265625 0.3296875 0.0453125 0.2015625
0 0.06015625 0.93046875 0.1203125 0.134375
0 0.05859375 0.35703125 0.0265625 0.165625
0 0.29453125 0.89765625 0.0671875 0.19921875
0 0.36171875 0.5296875 0.08203125 0.19921875
0 0.42421875 0.49609375 0.0625 0.1703125
0 0.47109375 0.7875 0.11328125 0.271875
0 0.58515625 0.2984375 0.14921875 0.290625
0 0.80078125 0.89296875 0.06015625 0.209375
0 0.859375 0.2203125 0.0796875 0.3390625
0 0.94609375 0.46484375 0.10546875 0.20703125