0 0.93203125 0.56484375 0.1359375 0.6515625
0 0.8359375 0.5234375 0.1453125 0.3015625
0 0.67578125 0.56015625 0.109375 0.253125
0 0.64453125 0.5859375 0.1609375 0.334375
0 0.57734375 0.57421875 0.11875 0.2765625
0 0.50390625 0.615625 0.1375 0.290625
0 0.3640625 0.525 0.071875 0.1296875
0 0.3015625 0.58515625 0.1 0.2234375
0 0.2515625 0.5875 0.09375 0.24375
0 0.23125 0.7375 0.284375 0.525
0 0.22421875 0.59375 0.109375 0.253125
0 0.12265625 0.54375 0.05 0.103125
0 0.11796875 0.75390625 0.2140625 0.4921875
0 0.08828125 0.74921875 0.128125 0.3953125
0 0.0421875 0.5796875 0.0453125 0.1015625
0 0.0515625 0.71171875 0.103125 0.3609375