0 0.01484375 0.42109375 0.0296875 0.0921875
0 0.03125 0.1171875 0.0625 0.125
0 0.228125 0.7953125 0.11875 0.2015625
0 0.31171875 0.59453125 0.103125 0.171875
0 0.37265625 0.27265625 0.0671875 0.1625
0 0.4421875 0.56015625 0.1359375 0.1640625
0 0.4734375 0.8453125 0.128125 0.309375
0 0.44609375 0.62265625 0.0828125 0.1390625
0 0.50625 0.74609375 0.08125 0.2375
0 0.4734375 0.37890625 0.0734375 0.1109375
0 0.52890625 0.3515625 0.08125 0.125
0 0.85078125 0.8890625 0.1421875 0.1609375
0 0.79921875 0.4890625 0.1015625 0.1921875
0 0.88203125 0.890625 0.075 0.1484375
0 0.90859375 0.4328125 0.0953125 0.2734375