0 0.01796875 0.37109375 0.0359375 0.0890625
0 0.06015625 0.06875 0.0796875 0.11796875
0 0.1984375 0.765625 0.0984375 0.1921875
0 0.303125 0.57421875 0.08671875 0.16328125
0 0.396875 0.2609375 0.05078125 0.15859375
0 0.4359375 0.55390625 0.1203125 0.1515625
0 0.4375 0.84375 0.09609375 0.3078125
0 0.43359375 0.61640625 0.06953125 0.13203125
0 0.48046875 0.7453125 0.0578125 0.2328125
0 0.4859375 0.3765625 0.0625 0.10546875
0 0.54453125 0.35546875 0.06953125 0.11796875
0 0.80859375 0.9234375 0.12734375 0.14921875
0 0.7984375 0.5203125 0.08203125 0.18515625
0 0.8390625 0.928125 0.06015625 0.1421875
0 0.91328125 0.47578125 0.0671875 0.2671875