0 0.0140625 0.809375 0.028125 0.01875
0 0.06484375 0.8328125 0.0453125 0.0765625
0 0.2640625 0.7671875 0.3296875 0.1734375
0 0.234375 0.64453125 0.021875 0.08203125
0 0.2515625 0.67578125 0.01953125 0.053125
0 0.2640625 0.66328125 0.02421875 0.04296875
0 0.29296875 0.65625 0.02890625 0.053125
0 0.4421875 0.65234375 0.0265625 0.053125
0 0.73828125 0.54921875 0.01953125 0.08671875
0 0.8234375 0.64296875 0.14453125 0.10546875
0 0.88359375 0.5640625 0.03359375 0.10078125
0 0.9390625 0.66796875 0.0578125 0.115625
0 0.97734375 0.6 0.04296875 0.07421875