0 0.00390625 0.77421875 0.0078125 0.0203125
0 0.04296875 0.8015625 0.05 0.0796875
0 0.24609375 0.75 0.340625 0.1953125
0 0.225 0.62578125 0.028125 0.0828125
0 0.23984375 0.6578125 0.0234375 0.0546875
0 0.253125 0.64609375 0.0265625 0.0453125
0 0.2828125 0.64140625 0.0328125 0.0546875
0 0.43203125 0.64765625 0.0296875 0.0546875
0 0.734375 0.565625 0.025 0.0875
0 0.8125 0.66484375 0.1515625 0.115625
0 0.878125 0.590625 0.040625 0.103125
0 0.9265625 0.6984375 0.065625 0.11875
0 0.96953125 0.6328125 0.0484375 0.0765625