0 0.1 0.5875 0.04296875 0.15859375
0 0.12734375 0.58046875 0.06484375 0.16796875
0 0.18046875 0.55625 0.06953125 0.22109375
0 0.22265625 0.5359375 0.05078125 0.21875
0 0.2546875 0.540625 0.06015625 0.25
0 0.303125 0.52265625 0.0796875 0.30546875
0 0.3578125 0.52265625 0.10078125 0.32421875
0 0.43125 0.49765625 0.1296875 0.353125
0 0.52734375 0.45703125 0.15390625 0.43046875
0 0.66328125 0.4109375 0.1921875 0.553125
0 0.84609375 0.41328125 0.24765625 0.625
0 0.9796875 0.63671875 0.0359375 0.134375