0 0.49765625 0.75078125 0.11875 0.3375
0 0.071875 0.73203125 0.025 0.03125
0 0.0796875 0.725 0.0140625 0.015625
0 0.08984375 0.7296875 0.0203125 0.028125
0 0.14453125 0.71328125 0.0921875 0.059375
0 0.2109375 0.69296875 0.0421875 0.0578125
0 0.2578125 0.7828125 0.1015625 0.25
0 0.57109375 0.74765625 0.1125 0.3125
0 0.6859375 0.678125 0.0203125 0.0890625
0 0.715625 0.68046875 0.0421875 0.1109375
0 0.70078125 0.63046875 0.0109375 0.0078125
0 0.71484375 0.6328125 0.0109375 0.0296875
0 0.75078125 0.69453125 0.0359375 0.09375
0 0.77890625 0.68203125 0.05625 0.13125
0 0.79609375 0.6390625 0.0453125 0.046875
0 0.82578125 0.62890625 0.0375 0.0515625
0 0.83125 0.63515625 0.0328125 0.0421875
0 0.8625 0.6625 0.0453125 0.1
0 0.87890625 0.62421875 0.021875 0.0421875