0 0.4671875 0.7484375 0.0796875 0.3296875
0 0.046875 0.678125 0.021875 0.02890625
0 0.05546875 0.671875 0.01171875 0.0140625
0 0.06484375 0.678125 0.0171875 0.0265625
0 0.12109375 0.66796875 0.08671875 0.0484375
0 0.18984375 0.65625 0.0359375 0.053125
0 0.225 0.7515625 0.071875 0.24296875
0 0.540625 0.7546875 0.0765625 0.30546875
0 0.6625 0.69921875 0.009375 0.0890625
0 0.6921875 0.70546875 0.02890625 0.1078125
0 0.68359375 0.65390625 0.009375 0.00703125
0 0.696875 0.6578125 0.00703125 0.02890625
0 0.725 0.7234375 0.02421875 0.09140625
0 0.7546875 0.71484375 0.040625 0.12734375
0 0.7765625 0.67421875 0.040625 0.04296875
0 0.8078125 0.66796875 0.03125 0.0484375
0 0.8125 0.67421875 0.02890625 0.03828125
0 0.83984375 0.70546875 0.03359375 0.09609375
0 0.8609375 0.66953125 0.0171875 0.040625