0 0.57421875 0.62734375 0.065625 0.19375
0 0.13359375 0.1421875 0.0765625 0.1234375
0 0.1859375 0.62421875 0.075 0.1359375
0 0.228125 0.1796875 0.0453125 0.0734375
0 0.246875 0.196875 0.0640625 0.065625
0 0.2328125 0.63515625 0.0734375 0.1375
0 0.3578125 0.18671875 0.0890625 0.10625
0 0.3140625 0.60859375 0.0671875 0.1671875
0 0.33984375 0.58828125 0.0640625 0.1890625
0 0.478125 0.20078125 0.09375 0.08125
0 0.48046875 0.62578125 0.0625 0.190625
0 0.5109375 0.63828125 0.1078125 0.2203125
0 0.7140625 0.6234375 0.0734375 0.15625