0 0.36640625 0.6046875 0.1421875 0.6828125
0 0.98671875 0.584375 0.015625 0.0703125
0 0.97109375 0.6046875 0.0203125 0.0359375
0 0.95 0.5546875 0.0234375 0.0796875
0 0.93046875 0.5390625 0.0046875 0.0265625
0 0.9109375 0.58671875 0.01875 0.0578125
0 0.89609375 0.54921875 0.01875 0.065625
0 0.86796875 0.55546875 0.025 0.075
0 0.85 0.53515625 0.009375 0.0390625
0 0.840625 0.53359375 0.009375 0.0359375
0 0.825 0.55703125 0.0234375 0.10625
0 0.77890625 0.55390625 0.0234375 0.1015625
0 0.60546875 0.4859375 0.1640625 0.46875
0 0.49609375 0.4984375 0.1078125 0.4125
0 0.26796875 0.43984375 0.034375 0.0609375
0 0.25 0.29375 0.03125 0.0359375