0 0.4359375 0.63359375 0.12734375 0.584375
0 0.16953125 0.4640625 0.03125 0.084375
0 0.23203125 0.5890625 0.053125 0.259375
0 0.30078125 0.51171875 0.10546875 0.08671875
0 0.2875 0.5875 0.0578125 0.22109375
0 0.36875 0.5015625 0.08203125 0.18046875
0 0.5109375 0.45546875 0.0359375 0.09375
0 0.6546875 0.4828125 0.021875 0.053125
0 0.75234375 0.5796875 0.0671875 0.28828125
0 0.8109375 0.6046875 0.06953125 0.290625
0 0.94921875 0.6671875 0.0984375 0.56484375
0 0.94921875 0.66484375 0.06484375 0.44453125