0 0.0171875 0.89453125 0.03359375 0.10546875
0 0.0640625 0.91328125 0.03828125 0.15625
0 0.28515625 0.57421875 0.46171875 0.03828125
0 0.08203125 0.89921875 0.021875 0.1203125
0 0.1265625 0.9625 0.05546875 0.06953125
0 0.146875 0.8921875 0.05078125 0.13671875
0 0.13828125 0.41015625 0.0140625 0.06015625
0 0.15390625 0.40234375 0.0171875 0.03125
0 0.18125 0.9578125 0.06015625 0.0796875
0 0.20703125 0.9 0.05078125 0.06953125
0 0.22578125 0.96484375 0.03828125 0.0671875
0 0.2328125 0.8265625 0.03828125 0.09140625
0 0.265625 0.82421875 0.0265625 0.1203125
0 0.30078125 0.96484375 0.0484375 0.06484375
0 0.34140625 0.96171875 0.03828125 0.07421875
0 0.3546875 0.80390625 0.02421875 0.0359375
0 0.38671875 0.78515625 0.021875 0.03828125
0 0.46484375 0.9015625 0.0140625 0.04296875
0 0.4796875 0.83046875 0.01953125 0.10546875
0 0.50234375 0.7984375 0.03359375 0.10546875
0 0.515625 0.78984375 0.021875 0.09375
0 0.5265625 0.8421875 0.0265625 0.0765625
0 0.55625 0.7921875 0.02421875 0.1078125
0 0.5609375 0.88203125 0.02421875 0.08671875
0 0.5734375 0.78828125 0.01953125 0.1109375
0 0.5921875 0.8234375 0.021875 0.071875
0 0.59375 0.7640625 0.02421875 0.053125
0 0.60546875 0.81640625 0.021875 0.09375
0 0.64921875 0.9046875 0.053125 0.10546875
0 0.6703125 0.76796875 0.03125 0.09140625
0 0.72734375 0.7671875 0.0359375 0.0890625
0 0.77890625 0.875 0.06015625 0.0890625
0 0.7640625 0.7765625 0.01953125 0.08671875
0 0.7984375 0.771875 0.03359375 0.071875
0 0.7984375 0.7296875 0.01953125 0.04296875
0 0.79921875 0.68046875 0.01953125 0.0484375
0 0.81484375 0.74375 0.021875 0.08203125
0 0.84140625 0.7359375 0.021875 0.071875
0 0.85078125 0.7296875 0.01953125 0.06015625
0 0.8640625 0.77890625 0.02890625 0.0578125
0 0.89453125 0.82578125 0.03359375 0.0484375
0 0.91796875 0.72734375 0.02421875 0.07421875
0 0.93046875 0.72109375 0.01953125 0.071875
0 0.97734375 0.803125 0.040625 0.053125
0 0.96484375 0.75625 0.01171875 0.0578125
0 0.97109375 0.6921875 0.02421875 0.0484375
0 0.99296875 0.7046875 0.01171875 0.03125