0 0.990625 0.80390625 0.01875 0.1609375
0 0.72578125 0.52421875 0.4578125 0.140625
0 0.9859375 0.7953125 0.028125 0.121875
0 0.96640625 0.86640625 0.0671875 0.0796875
0 0.93203125 0.80234375 0.0796875 0.1453125
0 0.83203125 0.33125 0.0265625 0.0625
0 0.815625 0.32734375 0.0234375 0.034375
0 0.91328125 0.87421875 0.0765625 0.090625
0 0.87578125 0.82421875 0.065625 0.0796875
0 0.871875 0.89140625 0.053125 0.0734375
0 0.83359375 0.7578125 0.0578125 0.0984375
0 0.8015625 0.76328125 0.053125 0.1234375
0 0.7984375 0.9078125 0.0625 0.0734375
0 0.75859375 0.9140625 0.0546875 0.08125
0 0.71015625 0.76328125 0.03125 0.040625
0 0.67421875 0.75234375 0.0296875 0.0421875
0 0.62421875 0.88359375 0.0234375 0.0453125
0 0.59375 0.8171875 0.0421875 0.1078125
0 0.56484375 0.79140625 0.05625 0.1109375
0 0.55 0.7859375 0.0421875 0.096875
0 0.55078125 0.8390625 0.04375 0.08125
0 0.5109375 0.79765625 0.0484375 0.1109375
0 0.5265625 0.8859375 0.04375 0.090625
0 0.49296875 0.79765625 0.04375 0.1125
0 0.4828125 0.8359375 0.0375 0.075
0 0.46796875 0.778125 0.0359375 0.0578125
0 0.46875 0.83203125 0.0421875 0.096875
0 0.4453125 0.928125 0.075 0.1140625
0 0.39453125 0.79921875 0.0515625 0.0953125
0 0.33828125 0.81171875 0.0546875 0.0953125
0 0.3125 0.928125 0.078125 0.1
0 0.3046875 0.82890625 0.0390625 0.0890625
0 0.2703125 0.83203125 0.0484375 0.078125
0 0.2609375 0.790625 0.028125 0.046875
0 0.24921875 0.74296875 0.0296875 0.0515625
0 0.2484375 0.80859375 0.0390625 0.084375
0 0.2203125 0.80703125 0.0375 0.075
0 0.21015625 0.80234375 0.0328125 0.0625
0 0.2078125 0.85390625 0.040625 0.0625
0 0.1890625 0.90625 0.04375 0.0546875
0 0.14375 0.815625 0.040625 0.078125
0 0.13046875 0.8125 0.0359375 0.075
0 0.103125 0.903125 0.0515625 0.0609375
0 0.1046875 0.85390625 0.025 0.059375
0 0.084375 0.79296875 0.034375 0.053125
0 0.065625 0.81015625 0.01875 0.0328125