0 0.04921875 0.26328125 0.0984375 0.3921875
0 0.2421875 0.67421875 0.484375 0.6515625
0 0.01328125 0.11328125 0.0265625 0.0796875
0 0.0453125 0.08125 0.0328125 0.0375
0 0.11171875 0.19765625 0.0546875 0.1046875
0 0.13046875 0.16171875 0.078125 0.1578125
0 0.209375 0.13984375 0.11875 0.2171875
0 0.271875 0.21015625 0.125 0.2734375
0 0.35546875 0.24765625 0.1203125 0.2703125
0 0.31640625 0.0609375 0.025 0.0265625
0 0.3453125 0.0625 0.0828125 0.0984375
0 0.36484375 0.165625 0.1109375 0.2765625
0 0.58046875 0.771875 0.3046875 0.45625
0 0.384375 0.0625 0.0359375 0.059375
0 0.40703125 0.1390625 0.046875 0.1296875
0 0.3921875 0.06015625 0.025 0.0546875
0 0.40859375 0.06171875 0.01875 0.0375
0 0.4203125 0.0453125 0.0171875 0.028125
0 0.43671875 0.06875 0.05 0.1125
0 0.446875 0.0359375 0.0203125 0.0265625
0 0.50625 0.13984375 0.05 0.0859375
0 0.5328125 0.1390625 0.053125 0.1171875
0 0.55546875 0.11796875 0.021875 0.040625
0 0.62734375 0.12890625 0.034375 0.0765625