0 0.05546875 0.1984375 0.1109375 0.3796875
0 0.2078125 0.6671875 0.415625 0.66328125
0 0.0671875 0.04921875 0.0265625 0.0765625
0 0.1078125 0.021875 0.02890625 0.03359375
0 0.1578125 0.146875 0.040625 0.10078125
0 0.18125 0.11328125 0.0578125 0.1515625
0 0.2625 0.103125 0.090625 0.20625
0 0.3140625 0.18125 0.0890625 0.2640625
0 0.3921875 0.2296875 0.084375 0.26171875
0 0.37890625 0.03984375 0.021875 0.02421875
0 0.4078125 0.0453125 0.071875 0.0890625
0 0.4125 0.15 0.07421875 0.26953125
0 0.5421875 0.78359375 0.24765625 0.43046875
0 0.44609375 0.05078125 0.02890625 0.05546875
0 0.4578125 0.1296875 0.02890625 0.12734375
0 0.4546875 0.04921875 0.0171875 0.053125
0 0.4703125 0.053125 0.0140625 0.0359375
0 0.484375 0.03828125 0.0140625 0.0265625
0 0.49765625 0.0640625 0.0359375 0.1078125
0 0.51171875 0.0328125 0.0171875 0.02421875
0 0.55625 0.14453125 0.03828125 0.08203125
0 0.5828125 0.146875 0.03828125 0.11328125
0 0.6078125 0.1296875 0.0171875 0.03828125
0 0.678125 0.15 0.02421875 0.07421875