0 0.9078125 0.21171875 0.121875 0.1421875
0 0.684375 0.6515625 0.459375 0.6234375
0 0.8453125 0.328125 0.18125 0.25
0 0.8765625 0.19375 0.090625 0.1328125
0 0.746875 0.2 0.134375 0.21875
0 0.6625 0.26328125 0.1421875 0.165625
0 0.32734375 0.534375 0.48125 0.7546875
0 0.47265625 0.14140625 0.1453125 0.23125
0 0.45390625 0.27734375 0.1265625 0.2046875
0 0.37734375 0.14453125 0.134375 0.209375
0 0.25859375 0.22578125 0.18125 0.25625
0 0.1140625 0.38515625 0.228125 0.4609375
0 0.12890625 0.16015625 0.1125 0.1375
0 0.0609375 0.69140625 0.121875 0.4203125