0 0.53359375 0.81953125 0.08671875 0.19921875
0 0.03828125 0.89921875 0.0765625 0.196875
0 0.07578125 0.81015625 0.0671875 0.115625
0 0.21640625 0.890625 0.28359375 0.2140625
0 0.20078125 0.771875 0.03359375 0.06484375
0 0.271875 0.803125 0.03359375 0.1203125
0 0.35234375 0.83203125 0.07421875 0.19453125
0 0.42421875 0.84140625 0.084375 0.21640625
0 0.615625 0.7875 0.02890625 0.05546875
0 0.72109375 0.78515625 0.03125 0.0625
0 0.8234375 0.74765625 0.021875 0.0625
0 0.90625 0.8078125 0.08671875 0.1828125
0 0.96640625 0.75390625 0.021875 0.06484375
0 0.98203125 0.7546875 0.03359375 0.071875