0 0.57265625 0.81328125 0.1109375 0.2078125
0 0.090625 0.925 0.1 0.15
0 0.11640625 0.859375 0.08125 0.1234375
0 0.26640625 0.89921875 0.3078125 0.2015625
0 0.2359375 0.80625 0.040625 0.06875
0 0.31015625 0.82890625 0.0484375 0.1234375
0 0.39375 0.84765625 0.096875 0.2015625
0 0.46640625 0.8484375 0.109375 0.225
0 0.65 0.77109375 0.0359375 0.0578125
0 0.75390625 0.75625 0.0390625 0.065625
0 0.8515625 0.70625 0.0296875 0.0640625
0 0.940625 0.75625 0.1078125 0.1921875
0 0.9890625 0.69453125 0.021875 0.0671875
0 0.99375 0.69375 0.0125 0.075