0 0.5140625 0.3109375 0.084375 0.16328125
0 0.1 0.7640625 0.19921875 0.46640625
0 0.0515625 0.2796875 0.0890625 0.5484375
0 0.121875 0.1390625 0.228125 0.278125
0 0.2453125 0.3796875 0.321875 0.47109375
0 0.1109375 0.10234375 0.040625 0.06015625
0 0.2171875 0.6609375 0.1828125 0.4109375
0 0.3421875 0.40234375 0.09375 0.228125
0 0.3953125 0.25390625 0.0765625 0.2328125
0 0.6265625 0.35078125 0.10546875 0.15625
0 0.66015625 0.37890625 0.15390625 0.28828125
0 0.7171875 0.43125 0.22109375 0.38671875
0 0.884375 0.61875 0.22578125 0.49765625