0 0.51875 0.31171875 0.1109375 0.175
0 0.84765625 0.79140625 0.2765625 0.4171875
0 0.94375 0.3609375 0.1125 0.55625
0 0.89921875 0.21015625 0.2015625 0.3140625
0 0.771875 0.42578125 0.3984375 0.5203125
0 0.95234375 0.17578125 0.05 0.065625
0 0.75078125 0.7078125 0.2515625 0.4359375
0 0.67265625 0.43125 0.13125 0.240625
0 0.64609375 0.27578125 0.115625 0.2421875
0 0.4015625 0.33125 0.13125 0.171875
0 0.36328125 0.353125 0.2015625 0.3109375
0 0.2984375 0.39453125 0.284375 0.41875
0 0.12734375 0.54921875 0.2546875 0.5296875