0 0.16484375 0.31015625 0.01953125 0.10078125
0 0.16953125 0.2296875 0.021875 0.06015625
0 0.20703125 0.3296875 0.02890625 0.13671875
0 0.25 0.303125 0.0265625 0.0796875
0 0.26171875 0.35234375 0.02890625 0.15390625
0 0.28515625 0.33671875 0.021875 0.1734375
0 0.3171875 0.353125 0.053125 0.21171875
0 0.390625 0.3765625 0.0796875 0.2859375
0 0.47578125 0.41484375 0.10546875 0.3171875
0 0.5734375 0.28359375 0.02421875 0.0890625
0 0.740625 0.475 0.1421875 0.5265625
0 0.8578125 0.33046875 0.06484375 0.3265625