0 0.43359375 0.43203125 0.10625 0.2375
0 0.46484375 0.4296875 0.1078125 0.24375
0 0.4984375 0.4265625 0.1234375 0.26875
0 0.5359375 0.49453125 0.090625 0.275
0 0.5625 0.3640625 0.0625 0.1390625
0 0.5984375 0.428125 0.0609375 0.1203125
0 0.5953125 0.34609375 0.046875 0.0859375
0 0.61171875 0.33125 0.028125 0.08125
0 0.634375 0.43203125 0.0359375 0.09375
0 0.65234375 0.325 0.053125 0.08125
0 0.6625 0.41640625 0.05 0.1234375
0 0.69453125 0.4234375 0.0609375 0.121875
0 0.69296875 0.33359375 0.0375 0.0703125
0 0.73359375 0.4015625 0.05625 0.1359375
0 0.71796875 0.31640625 0.0265625 0.0640625
0 0.76171875 0.35625 0.05 0.071875
0 0.7734375 0.4125 0.0421875 0.10625
0 0.76484375 0.31484375 0.028125 0.0578125
0 0.8046875 0.34609375 0.0359375 0.0671875
0 0.81484375 0.40390625 0.0453125 0.1
0 0.84375 0.3734375 0.059375 0.1640625
0 0.86796875 0.3765625 0.0484375 0.1421875
0 0.90859375 0.3859375 0.053125 0.1078125
0 0.9515625 0.3765625 0.05625 0.1125