0 0.0515625 0.6546875 0.059375 0.08125
0 0.09296875 0.68984375 0.09375 0.153125
0 0.0796875 0.64453125 0.0375 0.059375
0 0.15 0.76640625 0.125 0.3140625
0 0.1859375 0.71015625 0.090625 0.271875
0 0.23828125 0.78515625 0.1953125 0.4296875
0 0.22578125 0.64765625 0.059375 0.1203125
0 0.31953125 0.75703125 0.21875 0.428125
0 0.27421875 0.71640625 0.1125 0.26875
0 0.35703125 0.740625 0.1453125 0.325
0 0.38671875 0.68984375 0.1296875 0.2765625
0 0.459375 0.70234375 0.1375 0.3125
0 0.50546875 0.64140625 0.08125 0.2171875
0 0.53828125 0.6625 0.125 0.3203125
0 0.55078125 0.6421875 0.0796875 0.196875
0 0.62734375 0.63984375 0.1109375 0.2390625
0 0.5984375 0.565625 0.040625 0.0828125
0 0.64296875 0.571875 0.0578125 0.1015625
0 0.69765625 0.590625 0.065625 0.190625
0 0.728125 0.58828125 0.078125 0.175
0 0.75625 0.56875 0.0578125 0.146875
0 0.81015625 0.6046875 0.125 0.228125
0 0.78515625 0.553125 0.05625 0.10625
0 0.83203125 0.5390625 0.046875 0.1140625
0 0.8578125 0.5375 0.059375 0.15