0 0.02890625 0.5578125 0.0453125 0.07421875
0 0.0625 0.60078125 0.06484375 0.1421875
0 0.05859375 0.55390625 0.0265625 0.05546875
0 0.10234375 0.6875 0.0625 0.3078125
0 0.14921875 0.640625 0.0359375 0.26953125
0 0.1828125 0.7390625 0.10546875 0.446875
0 0.20078125 0.5875 0.0359375 0.115625
0 0.2703125 0.7140625 0.13671875 0.40859375
0 0.234375 0.66484375 0.06015625 0.26171875
0 0.31015625 0.70546875 0.08203125 0.31484375
0 0.35 0.6625 0.0765625 0.2671875
0 0.41796875 0.6890625 0.0765625 0.303125
0 0.47578125 0.6390625 0.03828125 0.2140625
0 0.50390625 0.6671875 0.06015625 0.31484375
0 0.5203125 0.65 0.040625 0.1921875
0 0.5953125 0.66328125 0.06484375 0.23046875
0 0.5828125 0.584375 0.02421875 0.0796875
0 0.625 0.6 0.03828125 0.09609375
0 0.67421875 0.6296875 0.0265625 0.18984375
0 0.7046875 0.63359375 0.04296875 0.1703125
0 0.73671875 0.6203125 0.02890625 0.14453125
0 0.78125 0.6671875 0.08203125 0.21640625
0 0.76796875 0.6109375 0.0359375 0.10078125
0 0.81640625 0.60703125 0.02421875 0.1109375
0 0.8421875 0.6109375 0.02890625 0.146875