0 0.38046875 0.55546875 0.0734375 0.1734375
0 0.85703125 0.81171875 0.2515625 0.3765625
0 0.94921875 0.60546875 0.05 0.121875
0 0.92109375 0.596875 0.04375 0.1140625
0 0.8859375 0.575 0.01875 0.05
0 0.86015625 0.57265625 0.03125 0.0609375
0 0.8390625 0.590625 0.0671875 0.109375
0 0.8171875 0.571875 0.028125 0.0671875
0 0.80859375 0.565625 0.021875 0.0640625
0 0.7875 0.5765625 0.0359375 0.09375
0 0.74453125 0.57109375 0.040625 0.0953125
0 0.7046875 0.56640625 0.0390625 0.0890625
0 0.69921875 0.5546875 0.021875 0.0640625
0 0.69765625 0.5390625 0.021875 0.05625
0 0.68359375 0.55078125 0.028125 0.0859375
0 0.67890625 0.53828125 0.021875 0.0609375
0 0.66171875 0.5578125 0.0390625 0.0984375
0 0.59375 0.66171875 0.1171875 0.084375
0 0.640625 0.5578125 0.0328125 0.09375
0 0.61796875 0.55703125 0.0375 0.096875
0 0.578125 0.54921875 0.0375 0.1015625
0 0.5625 0.55 0.034375 0.09375
0 0.4828125 0.66875 0.153125 0.0796875
0 0.540625 0.54609375 0.0484375 0.1171875
0 0.51171875 0.51328125 0.0234375 0.05
0 0.4734375 0.528125 0.05625 0.13125
0 0.465625 0.5328125 0.034375 0.0984375
0 0.4390625 0.534375 0.0421875 0.115625
0 0.42109375 0.53203125 0.0390625 0.109375
0 0.40078125 0.53125 0.0359375 0.109375
0 0.346875 0.6640625 0.1046875 0.1171875
0 0.40859375 0.5125 0.015625 0.065625
0 0.24765625 0.67890625 0.121875 0.10625
0 0.30703125 0.5265625 0.040625 0.1171875
0 0.2796875 0.52734375 0.0453125 0.125
0 0.28046875 0.509375 0.04375 0.10625
0 0.23671875 0.51171875 0.046875 0.10625
0 0.17734375 0.5 0.046875 0.1171875
0 0.1421875 0.49921875 0.0453125 0.14375
0 0.11796875 0.5078125 0.0546875 0.1453125
0 0.084375 0.49140625 0.05625 0.121875