0 0.6109375 0.571875 0.05078125 0.16796875
0 0.1 0.77734375 0.19921875 0.3890625
0 0.040625 0.5421875 0.03359375 0.11796875
0 0.06953125 0.5375 0.02890625 0.1109375
0 0.10703125 0.5203125 0.01171875 0.0484375
0 0.13359375 0.521875 0.02421875 0.0578125
0 0.1515625 0.5421875 0.053125 0.103125
0 0.17578125 0.52734375 0.01953125 0.06484375
0 0.18515625 0.521875 0.0140625 0.0625
0 0.2046875 0.5359375 0.02421875 0.09140625
0 0.24765625 0.5359375 0.02890625 0.09140625
0 0.28828125 0.5375 0.0265625 0.08671875
0 0.2953125 0.5265625 0.0140625 0.0625
0 0.29921875 0.5109375 0.0140625 0.05546875
0 0.3109375 0.525 0.0171875 0.084375
0 0.3171875 0.51328125 0.0140625 0.06015625
0 0.33203125 0.53515625 0.0265625 0.09609375
0 0.384375 0.646875 0.1078125 0.06953125
0 0.35234375 0.5375 0.01953125 0.09140625
0 0.375 0.53984375 0.02421875 0.09375
0 0.415625 0.5375 0.02421875 0.0984375
0 0.43125 0.540625 0.021875 0.09140625
0 0.49375 0.66953125 0.146875 0.06015625
0 0.453125 0.53984375 0.03359375 0.11328125
0 0.48671875 0.51171875 0.0171875 0.0484375
0 0.52265625 0.53125 0.03828125 0.12734375
0 0.5296875 0.5375 0.021875 0.09609375
0 0.55546875 0.5421875 0.0265625 0.11328125
0 0.5734375 0.54296875 0.02421875 0.1078125
0 0.59375 0.54453125 0.021875 0.1078125
0 0.62890625 0.68359375 0.09140625 0.10546875
0 0.5890625 0.525 0.00703125 0.06484375
0 0.725 0.7125 0.1109375 0.09140625
0 0.6875 0.553125 0.02421875 0.115625
0 0.7140625 0.5578125 0.02890625 0.12265625
0 0.71640625 0.53984375 0.02890625 0.103125
0 0.759375 0.5484375 0.03359375 0.103125
0 0.81953125 0.54453125 0.03125 0.11328125
0 0.8546875 0.54921875 0.0265625 0.1421875
0 0.87734375 0.5609375 0.0359375 0.1421875
0 0.9125 0.54921875 0.040625 0.11796875