0 0.934375 0.75 0.01875 0.025
0 0.92421875 0.746875 0.01875 0.0328125
0 0.915625 0.740625 0.015625 0.0359375
0 0.88671875 0.7515625 0.0640625 0.125
0 0.8609375 0.74921875 0.0234375 0.0390625
0 0.8484375 0.73515625 0.04375 0.115625
0 0.86875 0.5546875 0.0765625 0.121875
0 0.8234375 0.5421875 0.075 0.1171875
0 0.78515625 0.5640625 0.0296875 0.0359375
0 0.4859375 0.46875 0.61875 0.25
0 0.64609375 0.77265625 0.171875 0.3109375
0 0.4078125 0.59609375 0.0625 0.134375
0 0.275 0.625 0.1484375 0.2640625
0 0.23046875 0.5390625 0.08125 0.1484375
0 0.096875 0.4609375 0.1171875 0.1125
0 0.03515625 0.44765625 0.053125 0.10625
0 0.0171875 0.43984375 0.034375 0.0984375