0 0.015625 0.62890625 0.0140625 0.021875
0 0.0265625 0.62890625 0.01171875 0.03125
0 0.0359375 0.625 0.00703125 0.0359375
0 0.0609375 0.64296875 0.03359375 0.1203125
0 0.08671875 0.646875 0.0140625 0.0359375
0 0.10234375 0.63671875 0.0140625 0.115625
0 0.1296875 0.45703125 0.0484375 0.11328125
0 0.1765625 0.45703125 0.0484375 0.1078125
0 0.2078125 0.48828125 0.021875 0.03125
0 0.521875 0.4734375 0.615625 0.09375
0 0.28828125 0.72578125 0.0984375 0.2953125
0 0.5640625 0.61640625 0.02890625 0.13203125
0 0.68515625 0.67890625 0.08671875 0.25
0 0.75 0.60703125 0.0453125 0.1421875
0 0.89921875 0.56640625 0.09609375 0.09140625
0 0.9625 0.56953125 0.0265625 0.103125
0 0.98671875 0.56875 0.021875 0.09609375