0 0.5140625 0.778125 0.203125 0.44375
0 0.1125 0.7046875 0.0109375 0.01875
0 0.12421875 0.6953125 0.01875 0.028125
0 0.13828125 0.69765625 0.015625 0.034375
0 0.15546875 0.70078125 0.034375 0.05625
0 0.196875 0.69140625 0.009375 0.0296875
0 0.20625 0.68671875 0.009375 0.025
0 0.2671875 0.675 0.01875 0.0375
0 0.3 0.6734375 0.0203125 0.04375
0 0.353125 0.66484375 0.015625 0.0375
0 0.37734375 0.65546875 0.009375 0.0296875
0 0.39609375 0.65234375 0.0171875 0.0359375
0 0.4359375 0.63984375 0.0140625 0.0359375
0 0.4546875 0.63828125 0.015625 0.034375
0 0.66640625 0.5859375 0.021875 0.040625
0 0.6875 0.596875 0.0359375 0.0546875
0 0.70546875 0.5875 0.015625 0.0375
0 0.71171875 0.58125 0.009375 0.0265625
0 0.7203125 0.58203125 0.0125 0.03125
0 0.74296875 0.5828125 0.0171875 0.0421875
0 0.7515625 0.58515625 0.0140625 0.034375
0 0.7625 0.578125 0.0140625 0.0390625
0 0.76875 0.58125 0.0171875 0.0328125
0 0.79453125 0.56328125 0.01875 0.0390625
0 0.809375 0.5734375 0.015625 0.034375
0 0.81640625 0.55859375 0.015625 0.034375
0 0.8640625 0.56328125 0.0203125 0.05
0 0.87890625 0.54140625 0.0140625 0.0296875
0 0.8953125 0.54375 0.0109375 0.025
0 0.90390625 0.54375 0.0203125 0.04375
0 0.9203125 0.534375 0.0171875 0.03125
0 0.94296875 0.53515625 0.0171875 0.0390625
0 0.95546875 0.5390625 0.0203125 0.04375
0 0.96171875 0.5375 0.01875 0.0375
0 0.97265625 0.53125 0.01875 0.0375
0 0.9859375 0.534375 0.0140625 0.0234375