0 0.46015625 0.7796875 0.12265625 0.43515625
0 0.08046875 0.62734375 0.00703125 0.0171875
0 0.09375 0.6203125 0.0140625 0.0265625
0 0.10703125 0.625 0.009375 0.03359375
0 0.1234375 0.63125 0.02421875 0.053125
0 0.165625 0.6296875 0.0046875 0.02890625
0 0.17578125 0.62734375 0.0046875 0.02421875
0 0.23828125 0.62734375 0.01171875 0.0359375
0 0.2703125 0.63203125 0.01171875 0.04296875
0 0.32421875 0.63359375 0.009375 0.0359375
0 0.35 0.62890625 0.0046875 0.02890625
0 0.36875 0.6296875 0.01171875 0.03359375
0 0.41015625 0.625 0.00703125 0.0359375
0 0.42890625 0.62734375 0.009375 0.03359375
0 0.646875 0.61640625 0.0140625 0.03828125
0 0.665625 0.63125 0.0265625 0.05078125
0 0.68515625 0.625 0.009375 0.0359375
0 0.6921875 0.6203125 0.0046875 0.0265625
0 0.70078125 0.62265625 0.00703125 0.03125
0 0.72265625 0.62734375 0.009375 0.040625
0 0.73046875 0.63125 0.00703125 0.03359375
0 0.74296875 0.6265625 0.00703125 0.03828125
0 0.7484375 0.63125 0.01171875 0.03125
0 0.77734375 0.61875 0.01171875 0.03828125
0 0.78984375 0.63125 0.009375 0.03359375
0 0.79921875 0.61796875 0.009375 0.03359375
0 0.8453125 0.63125 0.01171875 0.0484375
0 0.8640625 0.61328125 0.009375 0.02890625
0 0.8796875 0.61875 0.00703125 0.02421875
0 0.88828125 0.6203125 0.01171875 0.04296875
0 0.90625 0.6140625 0.01171875 0.02890625
0 0.928125 0.61875 0.009375 0.03828125
0 0.93984375 0.625 0.01171875 0.04296875
0 0.94609375 0.625 0.01171875 0.0359375
0 0.9578125 0.62109375 0.01171875 0.0359375
0 0.9703125 0.6265625 0.009375 0.021875