0 0.03515625 0.6828125 0.06953125 0.15859375
0 0.1140625 0.6046875 0.03828125 0.09140625
0 0.140625 0.46015625 0.01953125 0.06484375
0 0.1671875 0.45546875 0.01953125 0.06484375
0 0.17578125 0.47109375 0.01953125 0.06953125
0 0.23671875 0.4734375 0.09140625 0.0796875
0 0.2046875 0.4015625 0.0171875 0.0578125
0 0.2046875 0.3890625 0.0140625 0.040625
0 0.25859375 0.428125 0.03359375 0.03828125
0 0.31015625 0.428125 0.04296875 0.040625
0 0.3640625 0.428125 0.040625 0.03828125
0 0.39921875 0.43046875 0.0140625 0.03828125
0 0.4625 0.4625 0.09375 0.09609375
0 0.45703125 0.5921875 0.02890625 0.06015625
0 0.48203125 0.58515625 0.02421875 0.05078125
0 0.52421875 0.5359375 0.03359375 0.12734375
0 0.55859375 0.453125 0.0765625 0.05078125
0 0.57109375 0.5359375 0.03359375 0.08671875
0 0.6828125 0.50625 0.15859375 0.1390625
0 0.8171875 0.5484375 0.0453125 0.15390625
0 0.83203125 0.55546875 0.05546875 0.165625
0 0.85703125 0.571875 0.07421875 0.1875
0 0.95546875 0.571875 0.071875 0.2046875