0 0.96640625 0.66640625 0.0671875 0.1609375
0 0.8890625 0.59140625 0.0421875 0.0921875
0 0.8578125 0.44765625 0.021875 0.065625
0 0.83125 0.44375 0.021875 0.065625
0 0.82265625 0.46015625 0.021875 0.0703125
0 0.7625 0.4640625 0.09375 0.0828125
0 0.79140625 0.39140625 0.01875 0.0578125
0 0.79140625 0.37890625 0.015625 0.040625
0 0.7390625 0.41953125 0.034375 0.0390625
0 0.6875 0.421875 0.04375 0.0421875
0 0.63359375 0.4234375 0.0421875 0.0390625
0 0.5984375 0.42734375 0.015625 0.0390625
0 0.5359375 0.4609375 0.096875 0.1
0 0.54609375 0.590625 0.03125 0.0609375
0 0.52109375 0.584375 0.0265625 0.0515625
0 0.47734375 0.53671875 0.0375 0.128125
0 0.43984375 0.45546875 0.078125 0.053125
0 0.43046875 0.53828125 0.0359375 0.0875
0 0.3171875 0.5125 0.1640625 0.14375
0 0.184375 0.559375 0.05 0.1546875
0 0.1703125 0.5671875 0.0609375 0.1671875
0 0.1453125 0.584375 0.08125 0.190625
0 0.04765625 0.5875 0.0796875 0.2078125