0 0.88984375 0.27421875 0.0921875 0.353125
0 0.03515625 0.39921875 0.0703125 0.4109375
0 0.0765625 0.3859375 0.0875 0.365625
0 0.10703125 0.3765625 0.053125 0.3046875
0 0.12109375 0.34609375 0.0578125 0.35625
0 0.15078125 0.34375 0.065625 0.365625
0 0.184375 0.35 0.08125 0.3546875
0 0.2828125 0.47890625 0.134375 0.4890625
0 0.25390625 0.30703125 0.078125 0.26875
0 0.33515625 0.3578125 0.0734375 0.371875
0 0.39375 0.34140625 0.0609375 0.346875
0 0.40234375 0.35078125 0.0546875 0.3234375
0 0.4296875 0.33984375 0.1109375 0.4359375
0 0.5015625 0.34375 0.0609375 0.3546875
0 0.553125 0.33984375 0.0546875 0.3453125
0 0.6125 0.34140625 0.065625 0.3078125
0 0.6609375 0.3203125 0.071875 0.3453125
0 0.73203125 0.31015625 0.06875 0.309375
0 0.76171875 0.32265625 0.0515625 0.3046875
0 0.80390625 0.31328125 0.05625 0.315625
0 0.95546875 0.29765625 0.08125 0.396875