0 0.89765625 0.28828125 0.0796875 0.35078125
0 0.03359375 0.38359375 0.0671875 0.40859375
0 0.08046875 0.37109375 0.07421875 0.36328125
0 0.11171875 0.36328125 0.04296875 0.303125
0 0.1265625 0.3328125 0.0453125 0.35546875
0 0.15625 0.33203125 0.053125 0.36328125
0 0.18984375 0.3390625 0.06953125 0.353125
0 0.28359375 0.47109375 0.11796875 0.4859375
0 0.2609375 0.2984375 0.06953125 0.2671875
0 0.33984375 0.35234375 0.06015625 0.3703125
0 0.39921875 0.3375 0.0484375 0.34609375
0 0.4078125 0.34765625 0.04296875 0.321875
0 0.43515625 0.3375 0.09609375 0.4328125
0 0.50703125 0.34375 0.0484375 0.353125
0 0.55859375 0.34140625 0.04296875 0.34375
0 0.61796875 0.3453125 0.05546875 0.30546875
0 0.6671875 0.32578125 0.06015625 0.34375
0 0.73828125 0.31875 0.0578125 0.3078125
0 0.76796875 0.33203125 0.040625 0.303125
0 0.81015625 0.32421875 0.0453125 0.31484375
0 0.9625 0.3140625 0.0671875 0.39453125