0 0.02265625 0.275 0.0453125 0.28125
0 0.0578125 0.178125 0.09609375 0.35546875
0 0.09609375 0.1734375 0.0484375 0.2359375
0 0.13359375 0.196875 0.0484375 0.18984375
0 0.49375 0.1828125 0.07421875 0.1734375
0 0.58046875 0.1984375 0.03828125 0.178125
0 0.6234375 0.23203125 0.0765625 0.10078125
0 0.71875 0.2078125 0.03125 0.08671875
0 0.7671875 0.19453125 0.02890625 0.0765625
0 0.87734375 0.0953125 0.02890625 0.021875
0 0.90625 0.109375 0.02890625 0.053125
0 0.93046875 0.11328125 0.03125 0.05078125
0 0.9578125 0.334375 0.08203125 0.5140625
0 0.9546875 0.25390625 0.071875 0.259375