0 0.06875 0.1953125 0.09375 0.284375
0 0.1203125 0.14453125 0.15625 0.2890625
0 0.15859375 0.1140625 0.0890625 0.228125
0 0.1921875 0.1375 0.08125 0.1953125
0 0.54921875 0.18671875 0.103125 0.184375
0 0.63125 0.2171875 0.06875 0.1828125
0 0.66796875 0.2578125 0.0921875 0.1125
0 0.76640625 0.25 0.0453125 0.090625
0 0.81640625 0.2453125 0.0421875 0.0796875
0 0.9421875 0.1671875 0.0328125 0.0265625
0 0.96796875 0.1859375 0.0375 0.0578125
0 0.9859375 0.19296875 0.028125 0.0546875
0 0.946875 0.41640625 0.10625 0.5203125
0 0.96640625 0.33671875 0.0671875 0.2671875