0 0.02578125 0.5578125 0.0515625 0.084375
0 0.084375 0.5921875 0.0921875 0.2578125
0 0.21015625 0.5734375 0.146875 0.334375
0 0.3390625 0.56953125 0.15 0.2671875
0 0.3328125 0.23984375 0.0765625 0.159375
0 0.42109375 0.2203125 0.0640625 0.15625
0 0.48671875 0.50390625 0.04375 0.06875
0 0.4890625 0.20859375 0.0890625 0.15625
0 0.559375 0.521875 0.0953125 0.2953125
0 0.7828125 0.50546875 0.121875 0.31875
0 0.88046875 0.48984375 0.1046875 0.278125
0 0.9515625 0.44921875 0.0453125 0.046875
0 0.9671875 0.4453125 0.0625 0.0640625
0 0.9453125 0.44375 0.0140625 0.0234375
0 0.98984375 0.44140625 0.0171875 0.05