0 0.10703125 0.825 0.0828125 0.21875
0 0.028125 0.8578125 0.05625 0.1625
0 0.0234375 0.77421875 0.046875 0.1859375
0 0.221875 0.78359375 0.05 0.109375
0 0.30390625 0.815625 0.059375 0.1859375
0 0.3234375 0.82265625 0.071875 0.19375
0 0.47890625 0.771875 0.040625 0.10625
0 0.56015625 0.8265625 0.0453125 0.134375
0 0.5890625 0.8078125 0.0390625 0.121875
0 0.69765625 0.82734375 0.0484375 0.1265625
0 0.72734375 0.82734375 0.0328125 0.103125
0 0.74140625 0.8359375 0.05 0.1265625
0 0.81796875 0.896875 0.059375 0.1765625
0 0.87265625 0.87734375 0.0625 0.1484375
0 0.93125 0.88125 0.0390625 0.13125