0 0.5625 0.6703125 0.2296875 0.4171875
0 0.11015625 0.89453125 0.0734375 0.1
0 0.06875 0.7 0.1078125 0.203125
0 0.0890625 0.815625 0.021875 0.0359375
0 0.06328125 0.66640625 0.0453125 0.065625
0 0.1046875 0.8125 0.021875 0.028125
0 0.12109375 0.80546875 0.0140625 0.0234375
0 0.15078125 0.85859375 0.0640625 0.1078125
0 0.109375 0.61171875 0.0765625 0.15
0 0.17734375 0.8109375 0.053125 0.125
0 0.22265625 0.66328125 0.146875 0.2921875
0 0.28125 0.83046875 0.075 0.053125
0 0.41484375 0.68046875 0.2265625 0.3796875
0 0.70390625 0.5890625 0.1578125 0.34375
0 0.8515625 0.5234375 0.2125 0.378125
0 0.93828125 0.8625 0.071875 0.0921875
0 0.8875 0.57578125 0.14375 0.24375
0 0.9203125 0.75625 0.0625 0.103125
0 0.975 0.5875 0.05 0.1
0 0.97421875 0.47890625 0.0515625 0.1921875