0 0.046875 0.7046875 0.02890625 0.05546875
0 0.06015625 0.6265625 0.0578125 0.02890625
0 0.0765625 0.7046875 0.03828125 0.06015625
0 0.109375 0.7046875 0.01953125 0.07421875
0 0.11796875 0.6296875 0.009375 0.0265625
0 0.1296875 0.69140625 0.0171875 0.0484375
0 0.14296875 0.71484375 0.01953125 0.06015625
0 0.14765625 0.61640625 0.0046875 0.01953125
0 0.17578125 0.7046875 0.0359375 0.10078125
0 0.1625 0.60703125 0.00234375 0.021875
0 0.2125 0.73046875 0.0453125 0.09609375
0 0.20078125 0.67421875 0.01171875 0.0453125
0 0.25234375 0.68515625 0.03359375 0.084375
0 0.28125 0.72578125 0.0765625 0.178125
0 0.328125 0.80078125 0.1390625 0.2765625
0 0.3140625 0.69609375 0.0171875 0.02890625
0 0.38671875 0.72578125 0.05078125 0.1078125
0 0.5015625 0.8140625 0.0671875 0.3703125
0 0.53515625 0.70703125 0.03125 0.06484375
0 0.5734375 0.83046875 0.09140625 0.33671875
0 0.6046875 0.6984375 0.0359375 0.06015625
0 0.65390625 0.83984375 0.06953125 0.31484375
0 0.80625 0.72578125 0.03125 0.08671875
0 0.8265625 0.771875 0.0484375 0.15859375
0 0.8734375 0.84609375 0.084375 0.2984375
0 0.96640625 0.76796875 0.06484375 0.10078125
0 0.946875 0.70546875 0.01171875 0.0453125
0 0.97265625 0.7078125 0.00703125 0.02421875
0 0.984375 0.703125 0.0171875 0.03125