0 0.9796875 0.63125 0.0375 0.059375
0 0.95390625 0.55625 0.0609375 0.0375
0 0.95 0.6359375 0.046875 0.065625
0 0.91796875 0.64140625 0.03125 0.0765625
0 0.89765625 0.56796875 0.0140625 0.028125
0 0.8953125 0.63125 0.025 0.05
0 0.8859375 0.65625 0.028125 0.0625
0 0.86640625 0.56015625 0.0078125 0.0203125
0 0.85234375 0.6515625 0.0515625 0.1046875
0 0.85 0.553125 0.00625 0.021875
0 0.8203125 0.6828125 0.059375 0.1015625
0 0.82265625 0.625 0.01875 0.046875
0 0.7734375 0.64375 0.046875 0.0890625
0 0.7515625 0.6890625 0.103125 0.1875
0 0.7171875 0.7703125 0.18125 0.2953125
0 0.7140625 0.66484375 0.021875 0.03125
0 0.646875 0.70546875 0.0671875 0.1140625
0 0.54765625 0.81015625 0.125 0.3765625
0 0.49765625 0.71015625 0.040625 0.06875
0 0.47890625 0.83203125 0.1421875 0.3359375
0 0.42734375 0.7125 0.0453125 0.065625
0 0.40078125 0.84921875 0.1171875 0.3015625
0 0.2328125 0.77109375 0.04375 0.090625
0 0.2203125 0.81953125 0.071875 0.1640625
0 0.18515625 0.87265625 0.1296875 0.2546875
0 0.08125 0.8375 0.0796875 0.109375
0 0.090625 0.77265625 0.01875 0.046875
0 0.065625 0.77890625 0.0109375 0.025
0 0.053125 0.7765625 0.021875 0.0328125