0 0.65859375 0.7703125 0.07421875 0.240625
0 0.4984375 0.925 0.996875 0.14375
0 0.19609375 0.759375 0.05078125 0.1109375
0 0.30859375 0.7546875 0.03828125 0.16328125
0 0.39765625 0.68046875 0.05078125 0.15859375
0 0.42890625 0.69609375 0.040625 0.1734375
0 0.4828125 0.7703125 0.05078125 0.17578125
0 0.50390625 0.66015625 0.05078125 0.1421875
0 0.5453125 0.78828125 0.0671875 0.15390625
0 0.56640625 0.65390625 0.06015625 0.1703125
0 0.62109375 0.6765625 0.03828125 0.165625
0 0.7046875 0.66953125 0.0625 0.1421875