0 0.9234375 0.809375 0.040625 0.0828125
0 0.89296875 0.7609375 0.071875 0.1484375
0 0.76484375 0.75390625 0.05625 0.1015625
0 0.6515625 0.87734375 0.1234375 0.1328125
0 0.6765625 0.72734375 0.021875 0.0265625
0 0.66015625 0.73125 0.0265625 0.0328125
0 0.6375 0.71640625 0.0171875 0.0328125
0 0.5859375 0.77109375 0.071875 0.078125
0 0.60859375 0.7234375 0.0125 0.0203125
0 0.52421875 0.85234375 0.11875 0.1203125
0 0.59609375 0.70703125 0.0140625 0.0296875
0 0.5375 0.76171875 0.05625 0.053125
0 0.4671875 0.6890625 0.0453125 0.08125
0 0.35390625 0.69921875 0.046875 0.0578125
0 0.2546875 0.6390625 0.0265625 0.0515625
0 0.196875 0.7140625 0.1109375 0.128125
0 0.19140625 0.6234375 0.028125 0.0640625
0 0.165625 0.6140625 0.040625 0.06875
0 0.040625 0.59453125 0.0609375 0.0515625