0 0.025 0.72265625 0.0265625 0.0796875
0 0.0640625 0.68125 0.0453125 0.1421875
0 0.19140625 0.6984375 0.03828125 0.09609375
0 0.27890625 0.84140625 0.103125 0.115625
0 0.28359375 0.68984375 0.0171875 0.02421875
0 0.2984375 0.69609375 0.021875 0.02890625
0 0.3234375 0.6859375 0.01171875 0.03125
0 0.3640625 0.75 0.06015625 0.0671875
0 0.35078125 0.6984375 0.009375 0.01953125
0 0.40859375 0.84140625 0.10078125 0.103125
0 0.36640625 0.68515625 0.009375 0.02890625
0 0.41328125 0.75 0.0484375 0.0453125
0 0.49609375 0.6921875 0.03125 0.0765625
0 0.60546875 0.7234375 0.03828125 0.05078125
0 0.7140625 0.68359375 0.0171875 0.0484375
0 0.75703125 0.76796875 0.09140625 0.11328125
0 0.7796875 0.68046875 0.0171875 0.0625
0 0.80625 0.67578125 0.02890625 0.06484375
0 0.9328125 0.68046875 0.053125 0.04296875