0 0.22890625 0.71328125 0.115625 0.36875
0 0.053125 0.68515625 0.0984375 0.2640625
0 0.10625 0.68203125 0.0890625 0.253125
0 0.15078125 0.65 0.0765625 0.21875
0 0.18046875 0.65625 0.0921875 0.228125
0 0.31796875 0.646875 0.1109375 0.2953125
0 0.57265625 0.7734375 0.05 0.1578125
0 0.59375 0.69296875 0.159375 0.4625
0 0.7546875 0.76953125 0.071875 0.18125
0 0.77578125 0.775 0.0703125 0.1484375
0 0.7671875 0.60234375 0.0953125 0.3390625
0 0.83515625 0.5953125 0.1171875 0.35625
0 0.8890625 0.484375 0.0578125 0.14375
0 0.96328125 0.4375 0.0375 0.1