0 0.19921875 0.66796875 0.06015625 0.36328125
0 0.0296875 0.61328125 0.059375 0.2578125
0 0.0828125 0.61796875 0.05078125 0.24765625
0 0.13125 0.59375 0.04296875 0.2140625
0 0.16015625 0.6046875 0.0578125 0.22109375
0 0.296875 0.61640625 0.0671875 0.28828125
0 0.52890625 0.78125 0.0265625 0.15625
0 0.5625 0.70546875 0.0890625 0.4546875
0 0.709375 0.80625 0.0453125 0.17578125
0 0.7296875 0.81484375 0.0484375 0.1421875
0 0.74765625 0.64296875 0.04296875 0.33671875
0 0.81640625 0.646875 0.0625 0.35078125
0 0.88671875 0.5453125 0.0359375 0.1390625
0 0.9671875 0.5109375 0.021875 0.0984375