0 0.95546875 0.7703125 0.015625 0.0515625
0 0.9453125 0.709375 0.0328125 0.078125
0 0.91953125 0.81875 0.03125 0.08125
0 0.89453125 0.83046875 0.04375 0.1015625
0 0.9015625 0.73359375 0.025 0.053125
0 0.8890625 0.7234375 0.025 0.053125
0 0.8671875 0.82109375 0.0375 0.1078125
0 0.875 0.71171875 0.0234375 0.0578125
0 0.878125 0.66875 0.03125 0.071875
0 0.859375 0.62890625 0.028125 0.0421875
0 0.878125 0.4015625 0.03125 0.0734375
0 0.8296875 0.69921875 0.015625 0.0390625
0 0.83203125 0.63125 0.03125 0.0375
0 0.8078125 0.6421875 0.025 0.053125
0 0.79921875 0.66875 0.028125 0.0625
0 0.7703125 0.7875 0.0453125 0.0890625
0 0.83984375 0.39453125 0.03125 0.0734375
0 0.7875 0.64453125 0.0296875 0.0625
0 0.7328125 0.93671875 0.04375 0.1265625
0 0.74375 0.7625 0.0359375 0.0828125
0 0.70234375 0.93515625 0.0609375 0.1296875
0 0.665625 0.81015625 0.1421875 0.1953125
0 0.7375 0.61484375 0.01875 0.0515625
0 0.671875 0.90859375 0.0515625 0.1375
0 0.71875 0.58203125 0.03125 0.0421875
0 0.6984375 0.61875 0.0203125 0.0359375
0 0.7375 0.378125 0.028125 0.0671875
0 0.696875 0.57578125 0.025 0.05
0 0.696875 0.54609375 0.009375 0.01875
0 0.71640625 0.375 0.0296875 0.0625
0 0.6796875 0.584375 0.025 0.0609375
0 0.66484375 0.57890625 0.025 0.0609375
0 0.653125 0.565625 0.0171875 0.05
0 0.6375 0.6328125 0.01875 0.03125
0 0.640625 0.55390625 0.025 0.05
0 0.57578125 0.8515625 0.046875 0.0984375
0 0.6328125 0.56953125 0.015625 0.034375
0 0.56484375 0.8671875 0.053125 0.078125
0 0.6078125 0.659375 0.0359375 0.0609375
0 0.63125 0.540625 0.01875 0.0171875
0 0.61875 0.57265625 0.01875 0.04375
0 0.625 0.53515625 0.015625 0.0375
0 0.50234375 0.94453125 0.1203125 0.1109375
0 0.61171875 0.5375 0.0140625 0.0296875
0 0.58515625 0.51640625 0.0484375 0.065625
0 0.55625 0.69609375 0.0421875 0.0859375
0 0.55625 0.609375 0.0703125 0.0859375
0 0.51796875 0.84765625 0.0453125 0.065625
0 0.534375 0.6921875 0.0328125 0.090625
0 0.55546875 0.51875 0.028125 0.04375
0 0.47265625 0.88515625 0.0734375 0.128125
0 0.51796875 0.68203125 0.0375 0.103125
0 0.528125 0.53046875 0.0640625 0.0890625
0 0.4875 0.7875 0.05625 0.1125
0 0.50703125 0.63984375 0.0265625 0.075
0 0.48984375 0.6203125 0.01875 0.03125
0 0.534375 0.34140625 0.0265625 0.059375
0 0.4609375 0.74296875 0.028125 0.0421875
0 0.41171875 0.95859375 0.040625 0.059375
0 0.47890625 0.503125 0.0578125 0.053125
0 0.47890625 0.60546875 0.01875 0.046875
0 0.41171875 0.85625 0.071875 0.1453125
0 0.4390625 0.715625 0.034375 0.046875
0 0.45703125 0.628125 0.025 0.065625
0 0.40234375 0.8359375 0.053125 0.1203125
0 0.46015625 0.55625 0.01875 0.0390625
0 0.44140625 0.6234375 0.03125 0.071875
0 0.44453125 0.5578125 0.028125 0.0671875
0 0.48203125 0.33203125 0.0265625 0.0546875
0 0.39375 0.7578125 0.05625 0.0859375
0 0.35859375 0.93515625 0.065625 0.0984375
0 0.41640625 0.68984375 0.009375 0.01875
0 0.42734375 0.6078125 0.0203125 0.0546875
0 0.35546875 0.89921875 0.0609375 0.0734375
0 0.43515625 0.5 0.01875 0.0421875
0 0.41015625 0.60234375 0.028125 0.0640625
0 0.39921875 0.6640625 0.015625 0.0234375
0 0.42265625 0.515625 0.021875 0.034375
0 0.3765625 0.72265625 0.0484375 0.0796875
0 0.415625 0.4765625 0.0359375 0.046875
0 0.3734375 0.715625 0.0328125 0.0546875
0 0.38125 0.6421875 0.034375 0.040625
0 0.39453125 0.59453125 0.021875 0.0640625
0 0.38125 0.59375 0.0234375 0.0578125
0 0.4265625 0.321875 0.0265625 0.059375
0 0.2890625 0.9140625 0.0953125 0.1125
0 0.3734375 0.47109375 0.0671875 0.084375
0 0.37890625 0.5171875 0.0234375 0.053125
0 0.2953125 0.73828125 0.1109375 0.23125
0 0.36640625 0.5015625 0.0171875 0.04375
0 0.32109375 0.5453125 0.065625 0.0765625
0 0.3484375 0.5140625 0.0171875 0.05
0 0.3703125 0.3125 0.0265625 0.059375
0 0.3390625 0.51171875 0.015625 0.0484375
0 0.3109375 0.4703125 0.059375 0.071875
0 0.23828125 0.74921875 0.0546875 0.0734375
0 0.2359375 0.709375 0.0609375 0.0984375
0 0.265625 0.61875 0.0203125 0.065625
0 0.309375 0.30078125 0.021875 0.05625
0 0.17734375 0.928125 0.0578125 0.0484375
0 0.25546875 0.5875 0.0125 0.01875
0 0.27421875 0.41875 0.0125 0.01875
0 0.2640625 0.465625 0.015625 0.0375
0 0.22578125 0.5109375 0.0640625 0.0875
0 0.2515625 0.4578125 0.015625 0.0390625
0 0.1828125 0.74296875 0.0578125 0.1109375
0 0.24609375 0.453125 0.0140625 0.0390625
0 0.25 0.290625 0.028125 0.0625
0 0.17578125 0.6171875 0.0375 0.0921875
0 0.1203125 0.9046875 0.040625 0.0578125
0 0.19375 0.46328125 0.05 0.0734375
0 0.1234375 0.87109375 0.0359375 0.0453125
0 0.1125 0.9234375 0.0328125 0.03125
0 0.16015625 0.653125 0.0390625 0.09375
0 0.121875 0.8234375 0.05 0.075
0 0.17890625 0.55625 0.025 0.06875
0 0.12578125 0.7421875 0.0421875 0.0859375
0 0.1796875 0.4390625 0.0125 0.0203125
0 0.1328125 0.52109375 0.0953125 0.2140625
0 0.1921875 0.275 0.028125 0.0640625
0 0.046875 0.89453125 0.0703125 0.071875
0 0.06640625 0.73203125 0.10625 0.2015625
0 0.0859375 0.5734375 0.0671875 0.1375
0 0.13046875 0.2640625 0.028125 0.0640625
0 0.0796875 0.46484375 0.0578125 0.08125
0 0.0625 0.53828125 0.028125 0.0625
0 0.01640625 0.7875 0.0328125 0.16875
0 0.03984375 0.55546875 0.03125 0.071875
0 0.02109375 0.625 0.0421875 0.096875
0 0.05234375 0.45703125 0.025 0.05
0 0.02421875 0.4484375 0.0484375 0.075
0 0.00625 0.578125 0.0125 0.084375