0 0.0046875 0.6875 0.00703125 0.05078125
0 0.025 0.62890625 0.01953125 0.0765625
0 0.03125 0.740625 0.0171875 0.0796875
0 0.05390625 0.75703125 0.0265625 0.0984375
0 0.0640625 0.66015625 0.0171875 0.05078125
0 0.078125 0.65234375 0.0171875 0.05078125
0 0.0828125 0.75234375 0.01953125 0.10546875
0 0.09375 0.64296875 0.0140625 0.05546875
0 0.0984375 0.60078125 0.01953125 0.06953125
0 0.1234375 0.56484375 0.021875 0.03828125
0 0.14453125 0.3375 0.01953125 0.071875
0 0.140625 0.6390625 0.009375 0.03828125
0 0.15 0.571875 0.0265625 0.03359375
0 0.171875 0.58671875 0.0171875 0.05078125
0 0.17578125 0.6140625 0.0171875 0.06015625
0 0.18359375 0.7359375 0.03125 0.084375
0 0.18359375 0.33671875 0.01953125 0.071875
0 0.1921875 0.5921875 0.01953125 0.06015625
0 0.19453125 0.890625 0.021875 0.125
0 0.2140625 0.71640625 0.021875 0.0796875
0 0.2234375 0.896875 0.03828125 0.13203125
0 0.2828125 0.7765625 0.11328125 0.178125
0 0.24609375 0.571875 0.009375 0.05078125
0 0.259375 0.87265625 0.02890625 0.134375
0 0.2703125 0.54296875 0.02421875 0.03828125
0 0.28359375 0.5828125 0.0140625 0.03359375
0 0.2875 0.3390625 0.0171875 0.06484375
0 0.29296875 0.540625 0.0171875 0.0484375
0 0.2984375 0.5109375 0.00703125 0.0171875
0 0.30859375 0.3390625 0.01953125 0.06015625
0 0.30859375 0.5515625 0.0140625 0.06015625
0 0.32421875 0.54921875 0.0140625 0.06015625
0 0.3375 0.53828125 0.009375 0.0484375
0 0.34140625 0.60703125 0.0140625 0.02890625
0 0.35234375 0.52890625 0.0171875 0.0484375
0 0.3640625 0.8328125 0.03125 0.09375
0 0.35703125 0.5453125 0.009375 0.03359375
0 0.37265625 0.85078125 0.040625 0.071875
0 0.36640625 0.63828125 0.0265625 0.0578125
0 0.3640625 0.5171875 0.0171875 0.0140625
0 0.3703125 0.55078125 0.01171875 0.04296875
0 0.37109375 0.51328125 0.009375 0.0359375
0 0.41953125 0.94453125 0.103125 0.1078125
0 0.38359375 0.5171875 0.009375 0.02890625
0 0.41328125 0.5015625 0.03828125 0.06015625
0 0.41015625 0.68359375 0.02890625 0.08203125
0 0.42578125 0.59765625 0.0578125 0.0765625
0 0.421875 0.8390625 0.0359375 0.06015625
0 0.4328125 0.68359375 0.0171875 0.0890625
0 0.4421875 0.50859375 0.021875 0.040625
0 0.46015625 0.884375 0.053125 0.1203125
0 0.45078125 0.67578125 0.01953125 0.10078125
0 0.4671875 0.525 0.05078125 0.08203125
0 0.4625 0.78515625 0.03828125 0.1078125
0 0.46875 0.63671875 0.0140625 0.07421875
0 0.4890625 0.6203125 0.0140625 0.02890625
0 0.49375 0.3375 0.0171875 0.0578125
0 0.49609375 0.74609375 0.021875 0.03828125
0 0.50703125 0.9671875 0.03125 0.05546875
0 0.5203125 0.50703125 0.05078125 0.0453125
0 0.50234375 0.6078125 0.01171875 0.0453125
0 0.525 0.86640625 0.0484375 0.1390625
0 0.52265625 0.72265625 0.0265625 0.04296875
0 0.5203125 0.63359375 0.0140625 0.06484375
0 0.5375 0.84765625 0.03359375 0.115625
0 0.5296875 0.5625 0.01171875 0.03828125
0 0.5359375 0.63203125 0.01953125 0.06953125
0 0.54453125 0.56640625 0.0171875 0.06484375
0 0.546875 0.3375 0.0171875 0.053125
0 0.56015625 0.77265625 0.04296875 0.0796875
0 0.5640625 0.953125 0.05078125 0.09140625
0 0.54921875 0.7015625 0.00703125 0.0171875
0 0.553125 0.61875 0.01171875 0.053125
0 0.5734375 0.91796875 0.05078125 0.06484375
0 0.5640625 0.5109375 0.01171875 0.040625
0 0.57109375 0.61640625 0.0171875 0.0625
0 0.57109375 0.67890625 0.01171875 0.021875
0 0.5734375 0.52890625 0.0171875 0.03125
0 0.5828125 0.740625 0.0359375 0.07421875
0 0.5875 0.49140625 0.02890625 0.04296875
0 0.5875 0.734375 0.02421875 0.05078125
0 0.5921875 0.6609375 0.02890625 0.0359375
0 0.5875 0.61171875 0.01171875 0.0625
0 0.60078125 0.61328125 0.0140625 0.05546875
0 0.603125 0.3375 0.0171875 0.0578125
0 0.6359375 0.94453125 0.0796875 0.10078125
0 0.6296875 0.49375 0.05546875 0.0765625
0 0.61640625 0.53828125 0.0140625 0.05078125
0 0.66015625 0.7703125 0.07421875 0.22109375
0 0.63125 0.525 0.009375 0.04296875
0 0.66796875 0.57578125 0.05546875 0.0671875
0 0.646875 0.53984375 0.009375 0.0484375
0 0.66015625 0.3375 0.0171875 0.0578125
0 0.65625 0.53984375 0.00703125 0.0484375
0 0.69140625 0.50390625 0.0484375 0.06484375
0 0.71484375 0.790625 0.04296875 0.0671875
0 0.7234375 0.75234375 0.0453125 0.09140625
0 0.71015625 0.6578125 0.009375 0.06484375
0 0.72265625 0.33671875 0.01171875 0.05546875
0 0.74375 0.97734375 0.05078125 0.040625
0 0.72578125 0.62890625 0.009375 0.0171875
0 0.73671875 0.459375 0.009375 0.0171875
0 0.73828125 0.50703125 0.009375 0.0359375
0 0.76796875 0.55859375 0.05078125 0.0796875
0 0.75234375 0.5015625 0.009375 0.03828125
0 0.7703125 0.79453125 0.040625 0.10546875
0 0.75859375 0.49765625 0.00703125 0.03828125
0 0.7828125 0.3375 0.0171875 0.06015625
0 0.79921875 0.671875 0.021875 0.0890625
0 0.80390625 0.96484375 0.03125 0.053125
0 0.8078125 0.5171875 0.03828125 0.0671875
0 0.80625 0.93046875 0.02890625 0.040625
0 0.8078125 0.984375 0.02890625 0.0265625
0 0.8078125 0.709375 0.02421875 0.09140625
0 0.81640625 0.884375 0.03828125 0.06953125
0 0.80625 0.6109375 0.0140625 0.0671875
0 0.8265625 0.803125 0.02890625 0.08203125
0 0.82578125 0.4953125 0.009375 0.01953125
0 0.8578125 0.584375 0.06015625 0.20703125
0 0.8421875 0.33203125 0.0171875 0.0625
0 0.87734375 0.9671875 0.06015625 0.0625
0 0.88671875 0.80390625 0.07421875 0.1921875
0 0.8953125 0.64453125 0.0453125 0.13203125
0 0.9046875 0.33203125 0.0171875 0.0625
0 0.9203125 0.53828125 0.0453125 0.07421875
0 0.92421875 0.61328125 0.0171875 0.06015625
0 0.94375 0.87109375 0.04296875 0.16328125
0 0.94375 0.634375 0.01953125 0.06953125
0 0.9546875 0.70703125 0.03828125 0.09140625
0 0.9484375 0.53515625 0.0171875 0.0484375
0 0.978125 0.5328125 0.03828125 0.06953125
0 0.98203125 0.66484375 0.0171875 0.08203125
0 0.98671875 0.73671875 0.02421875 0.103125
0 0.99375 0.665625 0.009375 0.07421875