0 0.93125 0.74921875 0.0859375 0.3515625
0 0.9359375 0.60859375 0.0375 0.084375
0 0.8734375 0.64296875 0.05625 0.1765625
0 0.74921875 0.54375 0.0359375 0.1203125
0 0.721875 0.67265625 0.0421875 0.1203125
0 0.61015625 0.61875 0.1 0.265625
0 0.45625 0.56484375 0.0359375 0.128125
0 0.43984375 0.5609375 0.0265625 0.1109375
0 0.42265625 0.56796875 0.0359375 0.1421875
0 0.38984375 0.465625 0.021875 0.040625
0 0.31015625 0.440625 0.075 0.0734375
0 0.22890625 0.43046875 0.059375 0.0609375
0 0.1484375 0.5359375 0.04375 0.084375
0 0.0875 0.56796875 0.0359375 0.10625
0 0.02578125 0.56875 0.0375 0.11875