0 0.021875 0.66953125 0.0046875 0.0140625
0 0.0265625 0.67578125 0.0046875 0.0140625
0 0.0890625 0.64921875 0.0046875 0.01171875
0 0.12265625 0.6625 0.0046875 0.0171875
0 0.18125 0.67421875 0.00703125 0.02421875
0 0.25703125 0.6734375 0.009375 0.01171875
0 0.28359375 0.6734375 0.00703125 0.01171875
0 0.31015625 0.66484375 0.00234375 0.00703125
0 0.3578125 0.69140625 0.0046875 0.01953125
0 0.36171875 0.671875 0.00234375 0.009375
0 0.36640625 0.6921875 0.0046875 0.01953125
0 0.38125 0.72578125 0.009375 0.05078125
0 0.38671875 0.7234375 0.00703125 0.0453125
0 0.41328125 0.68984375 0.0140625 0.053125
0 0.478125 0.70546875 0.009375 0.0171875
0 0.63359375 0.75390625 0.0171875 0.05546875
0 0.76171875 0.80859375 0.18515625 0.2359375
0 0.71484375 0.725 0.00234375 0.01171875
0 0.87109375 0.8171875 0.02890625 0.1078125
0 0.9390625 0.85234375 0.11796875 0.290625