0 0.9984375 0.57421875 0.003125 0.0140625
0 0.996875 0.58203125 0.00625 0.0140625
0 0.93203125 0.56796875 0.00625 0.0125
0 0.9015625 0.5875 0.0078125 0.0171875
0 0.84609375 0.61015625 0.0109375 0.025
0 0.771875 0.62421875 0.0109375 0.0140625
0 0.7453125 0.62890625 0.009375 0.0125
0 0.71796875 0.62578125 0.003125 0.0078125
0 0.67578125 0.6609375 0.0078125 0.0203125
0 0.66875 0.6421875 0.0046875 0.009375
0 0.66796875 0.66328125 0.0078125 0.0203125
0 0.659375 0.69921875 0.01875 0.0515625
0 0.65390625 0.69765625 0.015625 0.0453125
0 0.62109375 0.66953125 0.0234375 0.0546875
0 0.5609375 0.69765625 0.0125 0.01875
0 0.4171875 0.775 0.028125 0.0578125
0 0.30234375 0.853125 0.2265625 0.2671875
0 0.33203125 0.76171875 0.0046875 0.0125
0 0.19609375 0.88203125 0.0484375 0.1109375
0 0.1359375 0.8875 0.171875 0.225