0 0.7640625 0.16796875 0.1359375 0.140625
0 0.70625 0.10625 0.0890625 0.0953125
0 0.7625 0.31796875 0.0765625 0.0984375
0 0.7515625 0.3828125 0.0546875 0.0765625
0 0.653125 0.14375 0.0359375 0.0484375
0 0.64296875 0.121875 0.025 0.0375
0 0.63125 0.13125 0.0234375 0.0453125
0 0.63046875 0.18984375 0.04375 0.09375
0 0.60546875 0.128125 0.0296875 0.0484375
0 0.57578125 0.14921875 0.0328125 0.0515625
0 0.5625 0.16015625 0.034375 0.0765625
0 0.54765625 0.203125 0.05 0.1046875
0 0.54609375 0.34375 0.0546875 0.08125
0 0.43359375 0.4203125 0.315625 0.246875
0 0.41171875 0.228125 0.046875 0.1046875
0 0.1890625 0.45078125 0.0640625 0.1453125
0 0.21640625 0.75703125 0.15 0.20625
0 0.1546875 0.45546875 0.0703125 0.1078125
0 0.03515625 0.36953125 0.0390625 0.0765625