0 0.0390625 0.41640625 0.078125 0.1859375
0 0.1015625 0.390625 0.075 0.2875
0 0.15546875 0.425 0.1296875 0.3625
0 0.2046875 0.34453125 0.0609375 0.2171875
0 0.22734375 0.43515625 0.1078125 0.3359375
0 0.2359375 0.4 0.046875 0.23125
0 0.28359375 0.46171875 0.1453125 0.3234375
0 0.2578125 0.37265625 0.05 0.1375
0 0.33203125 0.42734375 0.084375 0.3140625
0 0.38671875 0.43671875 0.0625 0.1671875
0 0.3984375 0.35390625 0.065625 0.14375
0 0.425 0.4578125 0.1390625 0.3421875
0 0.4375 0.3984375 0.06875 0.24375
0 0.45390625 0.3140625 0.0328125 0.04375
0 0.4703125 0.34453125 0.0265625 0.0640625
0 0.48984375 0.4109375 0.0546875 0.159375
0 0.51953125 0.43515625 0.109375 0.2765625
0 0.54921875 0.43046875 0.090625 0.3078125
0 0.5609375 0.4671875 0.0359375 0.1359375
0 0.58828125 0.43359375 0.0671875 0.1890625
0 0.63125 0.45078125 0.09375 0.3171875
0 0.67421875 0.45 0.109375 0.3828125
0 0.73359375 0.41796875 0.10625 0.2375
0 0.7265625 0.44375 0.096875 0.375
0 0.76953125 0.4390625 0.0609375 0.2953125
0 0.81796875 0.46953125 0.096875 0.2671875