0 0.48203125 0.62265625 0.0890625 0.1375
0 0.153125 0.46171875 0.053125 0.0796875
0 0.21015625 0.21953125 0.05625 0.0734375
0 0.1953125 0.7875 0.0703125 0.084375
0 0.22421875 0.53828125 0.059375 0.1046875
0 0.24609375 0.41015625 0.0515625 0.0546875
0 0.27109375 0.253125 0.05 0.0609375
0 0.32578125 0.5046875 0.053125 0.06875
0 0.35546875 0.275 0.065625 0.08125
0 0.44921875 0.19453125 0.0328125 0.028125
0 0.5 0.4421875 0.0859375 0.10625
0 0.515625 0.29609375 0.0265625 0.0421875
0 0.59453125 0.21328125 0.0328125 0.0328125
0 0.66171875 0.309375 0.065625 0.0765625
0 0.6625 0.540625 0.05 0.0703125
0 0.7421875 0.46328125 0.05 0.0625
0 0.76015625 0.3109375 0.053125 0.0640625
0 0.746875 0.58671875 0.06875 0.103125
0 0.834375 0.29765625 0.046875 0.065625
0 0.84609375 0.53359375 0.0703125 0.08125