0 0.490625 0.6234375 0.0796875 0.13203125
0 0.1515625 0.4859375 0.0484375 0.0765625
0 0.19140625 0.240625 0.05078125 0.06953125
0 0.21640625 0.8078125 0.06484375 0.0796875
0 0.22734375 0.5578125 0.053125 0.10078125
0 0.240625 0.428125 0.0484375 0.05078125
0 0.2546875 0.26953125 0.0453125 0.0578125
0 0.3265625 0.5171875 0.0484375 0.06484375
0 0.33984375 0.2859375 0.06015625 0.0765625
0 0.428125 0.1984375 0.03125 0.0265625
0 0.49609375 0.4421875 0.0796875 0.10078125
0 0.5015625 0.2953125 0.02421875 0.040625
0 0.57421875 0.20703125 0.03125 0.03125
0 0.64765625 0.2984375 0.06015625 0.071875
0 0.66484375 0.52890625 0.0453125 0.0671875
0 0.7390625 0.44609375 0.0453125 0.06015625
0 0.74609375 0.29296875 0.0484375 0.06015625
0 0.75234375 0.56953125 0.0625 0.0984375
0 0.81953125 0.275 0.04296875 0.0625
0 0.84765625 0.509375 0.06484375 0.0765625