0 0.0375 0.678125 0.05625 0.178125
0 0.06328125 0.6765625 0.1015625 0.2078125
0 0.096875 0.6375 0.0484375 0.1
0 0.11953125 0.66015625 0.078125 0.2015625
0 0.20859375 0.6703125 0.0859375 0.13125
0 0.15625 0.3875 0.0296875 0.05625
0 0.278125 0.60703125 0.071875 0.0890625
0 0.3265625 0.63828125 0.1015625 0.1984375
0 0.3046875 0.58359375 0.0234375 0.0359375
0 0.34296875 0.60078125 0.0328125 0.084375
0 0.39765625 0.621875 0.10625 0.175
0 0.4453125 0.546875 0.04375 0.0703125
0 0.4484375 0.59453125 0.0234375 0.040625
0 0.38828125 0.196875 0.059375 0.1046875
0 0.4765625 0.51796875 0.05625 0.121875