0 0.0203125 0.5890625 0.040625 0.109375
0 0.5390625 0.14765625 0.921875 0.2953125
0 0.03515625 0.5234375 0.0640625 0.0921875
0 0.13515625 0.07734375 0.0171875 0.0203125
0 0.07890625 0.41640625 0.05625 0.1359375
0 0.05234375 0.6 0.0578125 0.1109375
0 0.153125 0.08046875 0.0125 0.01875
0 0.11953125 0.41875 0.06875 0.1421875
0 0.1734375 0.1140625 0.0296875 0.04375
0 0.1890625 0.0875 0.025 0.0328125
0 0.14140625 0.4234375 0.05625 0.140625
0 0.10234375 0.64140625 0.075 0.1890625
0 0.1484375 0.58203125 0.1078125 0.184375
0 0.175 0.428125 0.0640625 0.1328125
0 0.221875 0.23671875 0.0328125 0.0859375
0 0.20390625 0.4421875 0.06875 0.134375
0 0.23515625 0.27109375 0.034375 0.078125
0 0.284375 0.11484375 0.0234375 0.0234375
0 0.2671875 0.24296875 0.03125 0.0625
0 0.29375 0.121875 0.021875 0.0296875
0 0.28828125 0.615625 0.2265625 0.2328125
0 0.2421875 0.45625 0.0546875 0.1171875
0 0.31484375 0.11640625 0.028125 0.0265625
0 0.2796875 0.4640625 0.0484375 0.115625
0 0.34765625 0.12890625 0.0234375 0.0359375
0 0.33671875 0.3234375 0.04375 0.08125
0 0.3125 0.47265625 0.05625 0.1265625
0 0.34765625 0.3953125 0.034375 0.0390625
0 0.39453125 0.1546875 0.025 0.0328125
0 0.38125 0.26015625 0.0390625 0.0734375
0 0.365625 0.328125 0.0296875 0.0578125
0 0.346875 0.47734375 0.0578125 0.13125
0 0.36328125 0.36015625 0.021875 0.040625
0 0.37265625 0.4734375 0.053125 0.1453125
0 0.41171875 0.4890625 0.053125 0.13125
0 0.425 0.60546875 0.0703125 0.10625
0 0.43203125 0.62578125 0.040625 0.06875
0 0.50546875 0.27578125 0.0359375 0.059375
0 0.46796875 0.5 0.05625 0.1265625
0 0.49296875 0.33828125 0.0171875 0.053125
0 0.48828125 0.428125 0.0328125 0.0359375
0 0.49375 0.38984375 0.0203125 0.0375
0 0.53984375 0.16640625 0.0203125 0.025
0 0.52265625 0.35859375 0.04375 0.08125
0 0.50546875 0.50234375 0.0515625 0.1265625
0 0.5921875 0.64375 0.228125 0.146875
0 0.5390625 0.5125 0.059375 0.1234375
0 0.5890625 0.20390625 0.01875 0.0375
0 0.5640625 0.359375 0.028125 0.0484375
0 0.55703125 0.39296875 0.025 0.0453125
0 0.55625 0.43359375 0.028125 0.0515625
0 0.47734375 0.91875 0.0640625 0.1625
0 0.5671875 0.5203125 0.059375 0.11875
0 0.7375 0.5546875 0.321875 0.1828125
0 0.64609375 0.31484375 0.0421875 0.078125
0 0.68828125 0.384375 0.01875 0.0390625
0 0.6875 0.42734375 0.0171875 0.03125
0 0.690625 0.4671875 0.034375 0.046875
0 0.7359375 0.34140625 0.03125 0.0703125
0 0.7765625 0.3984375 0.04375 0.084375
0 0.73984375 0.6703125 0.0578125 0.1
0 0.8171875 0.25 0.028125 0.0515625
0 0.80078125 0.3765625 0.040625 0.0828125
0 0.75390625 0.68984375 0.0515625 0.075
0 0.771875 0.66796875 0.03125 0.0546875
0 0.82265625 0.70234375 0.046875 0.0890625
0 0.82890625 0.903125 0.1515625 0.19375
0 0.84453125 0.7015625 0.065625 0.1421875
0 0.86328125 0.728125 0.0578125 0.1359375
0 0.88671875 0.7328125 0.059375 0.15
0 0.91796875 0.7359375 0.0671875 0.1671875
0 0.99296875 0.2875 0.0140625 0.040625
0 0.94609375 0.75 0.05 0.1390625