0 0.00234375 0.6921875 0.0046875 0.06953125
0 0.03515625 0.68125 0.0453125 0.103125
0 0.5046875 0.09765625 0.9859375 0.19453125
0 0.0484375 0.61171875 0.0484375 0.084375
0 0.0609375 0.1546875 0.0140625 0.0171875
0 0.07109375 0.4984375 0.03125 0.13203125
0 0.0796875 0.68359375 0.03828125 0.10546875
0 0.0796875 0.1546875 0.009375 0.0171875
0 0.1109375 0.49296875 0.04296875 0.13671875
0 0.10546875 0.18359375 0.021875 0.040625
0 0.11640625 0.1546875 0.01953125 0.02890625
0 0.13359375 0.49296875 0.03125 0.13671875
0 0.13671875 0.71484375 0.040625 0.18515625
0 0.1703125 0.64765625 0.0765625 0.1734375
0 0.1671875 0.49140625 0.040625 0.12734375
0 0.1765625 0.29453125 0.0171875 0.084375
0 0.1984375 0.5 0.0453125 0.12734375
0 0.19609375 0.32578125 0.01953125 0.0765625
0 0.21484375 0.16328125 0.01953125 0.01953125
0 0.22265625 0.2921875 0.01953125 0.06015625
0 0.225 0.16796875 0.0171875 0.0265625
0 0.3140625 0.65390625 0.1921875 0.19921875
0 0.23828125 0.50625 0.03359375 0.11328125
0 0.2453125 0.15859375 0.02421875 0.021875
0 0.2765625 0.50703125 0.0265625 0.11328125
0 0.2796875 0.16484375 0.0171875 0.03359375
0 0.30625 0.3578125 0.02890625 0.0765625
0 0.3109375 0.50859375 0.03359375 0.12265625
0 0.33046875 0.4265625 0.02890625 0.03359375
0 0.33046875 0.18125 0.01953125 0.02890625
0 0.3375 0.2875 0.0265625 0.06953125
0 0.33515625 0.35703125 0.01953125 0.05546875
0 0.3453125 0.50703125 0.03359375 0.12734375
0 0.3390625 0.3890625 0.0140625 0.03828125
0 0.3703125 0.4984375 0.0265625 0.1421875
0 0.4109375 0.50625 0.02890625 0.12734375
0 0.446875 0.61796875 0.053125 0.0984375
0 0.45703125 0.63671875 0.02890625 0.06484375
0 0.4625 0.27890625 0.0265625 0.05546875
0 0.46875 0.50625 0.03359375 0.12265625
0 0.4625 0.3421875 0.00703125 0.053125
0 0.475 0.43125 0.0265625 0.03125
0 0.47265625 0.39296875 0.0140625 0.0359375
0 0.47578125 0.16484375 0.0171875 0.021875
0 0.4953125 0.35703125 0.02890625 0.0765625
0 0.50625 0.5015625 0.02890625 0.12265625
0 0.61796875 0.6234375 0.21171875 0.1078125
0 0.540625 0.5046875 0.03828125 0.11796875
0 0.53125 0.1921875 0.01171875 0.0359375
0 0.5359375 0.35 0.01953125 0.0453125
0 0.5359375 0.384375 0.0171875 0.04296875
0 0.54296875 0.42421875 0.01953125 0.0484375
0 0.5578125 0.9171875 0.03359375 0.1609375
0 0.56953125 0.50703125 0.03828125 0.11328125
0 0.74375 0.50859375 0.303125 0.12734375
0 0.6078125 0.290625 0.02890625 0.07421875
0 0.6625 0.35078125 0.01171875 0.03828125
0 0.6703125 0.39296875 0.01171875 0.02890625
0 0.68046875 0.43125 0.0265625 0.04296875
0 0.7015625 0.29921875 0.01953125 0.0671875
0 0.75234375 0.34765625 0.02890625 0.0796875
0 0.76796875 0.62109375 0.040625 0.09375
0 0.76328125 0.19375 0.01953125 0.0484375
0 0.771875 0.32109375 0.0265625 0.0796875
0 0.78515625 0.63828125 0.03828125 0.06953125
0 0.79921875 0.61328125 0.021875 0.05078125
0 0.85546875 0.63671875 0.03125 0.084375
0 0.9015625 0.83984375 0.11796875 0.1875
0 0.8765625 0.63203125 0.040625 0.13671875
0 0.9 0.6546875 0.03359375 0.13203125
0 0.92421875 0.6546875 0.03125 0.146875
0 0.95546875 0.6515625 0.0359375 0.16328125
0 0.95078125 0.196875 0.01953125 0.03828125
0 0.9859375 0.66015625 0.02421875 0.13671875