0 0.19140625 0.74140625 0.0890625 0.19375
0 0.2078125 0.6859375 0.0609375 0.1109375
0 0.275 0.6671875 0.1078125 0.14375
0 0.315625 0.653125 0.065625 0.0921875
0 0.3578125 0.64921875 0.065625 0.121875
0 0.378125 0.63515625 0.0546875 0.096875
0 0.5 0.6375 0.225 0.2171875
0 0.7484375 0.6 0.1078125 0.234375
0 0.80703125 0.64609375 0.1796875 0.3953125
0 0.846875 0.5453125 0.0625 0.1453125
0 0.8875 0.55234375 0.0984375 0.21875
0 0.9515625 0.54140625 0.096875 0.2296875
0 0.97734375 0.52578125 0.0453125 0.2265625