0 0.01640625 0.484375 0.0234375 0.0453125
0 0.1390625 0.47578125 0.103125 0.259375
0 0.22734375 0.50546875 0.025 0.0375
0 0.24375 0.50625 0.025 0.040625
0 0.26796875 0.50859375 0.021875 0.05
0 0.28984375 0.509375 0.028125 0.0421875
0 0.3140625 0.51015625 0.028125 0.0453125
0 0.3703125 0.51328125 0.0203125 0.05625
0 0.41640625 0.5109375 0.0859375 0.19375
0 0.55078125 0.52578125 0.121875 0.3015625
0 0.7140625 0.5734375 0.1921875 0.384375
0 0.80859375 0.51875 0.08125 0.2125
0 0.9171875 0.584375 0.1078125 0.2328125