0 0.0171875 0.53515625 0.01953125 0.04296875
0 0.13828125 0.51328125 0.0765625 0.25234375
0 0.2296875 0.53359375 0.021875 0.0359375
0 0.24609375 0.5328125 0.021875 0.03828125
0 0.2703125 0.5328125 0.0171875 0.0484375
0 0.2921875 0.53125 0.02421875 0.040625
0 0.31640625 0.5296875 0.02421875 0.04296875
0 0.37265625 0.5265625 0.0140625 0.05546875
0 0.41796875 0.51953125 0.0671875 0.1875
0 0.553125 0.5203125 0.09140625 0.29296875
0 0.7203125 0.55078125 0.15390625 0.3703125
0 0.80859375 0.48671875 0.06015625 0.20703125
0 0.9234375 0.540625 0.084375 0.22578125