0 0.87890625 0.46796875 0.0875 0.1671875
0 0.98203125 0.47109375 0.0359375 0.1265625
0 0.8921875 0.71875 0.215625 0.415625
0 0.90078125 0.6578125 0.1984375 0.3625
0 0.78671875 0.43828125 0.0640625 0.1375
0 0.77734375 0.5 0.0953125 0.1421875
0 0.76796875 0.70625 0.215625 0.4140625
0 0.6671875 0.44375 0.103125 0.165625
0 0.66328125 0.57578125 0.121875 0.190625
0 0.571875 0.759375 0.35625 0.48125
0 0.61171875 0.50625 0.0890625 0.1296875
0 0.596875 0.46015625 0.103125 0.1703125
0 0.58125 0.3828125 0.0390625 0.05
0 0.57265625 0.3390625 0.0328125 0.0421875
0 0.55859375 0.2890625 0.0328125 0.046875
0 0.55078125 0.5390625 0.09375 0.13125
0 0.53046875 0.48671875 0.1109375 0.1734375
0 0.48359375 0.61796875 0.178125 0.265625
0 0.459375 0.50078125 0.10625 0.184375
0 0.35 0.60546875 0.11875 0.1890625
0 0.35390625 0.53515625 0.059375 0.1046875
0 0.33203125 0.6953125 0.1859375 0.2671875
0 0.2859375 0.8671875 0.3125 0.265625
0 0.2046875 0.58203125 0.0890625 0.1421875
0 0.190625 0.6171875 0.125 0.1546875
0 0.18828125 0.65703125 0.165625 0.24375
0 0.125 0.70859375 0.2 0.2703125