0 0.1234375 0.55390625 0.053125 0.15859375
0 0.0140625 0.58359375 0.028125 0.1234375
0 0.11796875 0.8125 0.2359375 0.37265625
0 0.1296875 0.7484375 0.15625 0.33671875
0 0.20703125 0.50390625 0.0359375 0.13203125
0 0.2296875 0.5625 0.0671875 0.1296875
0 0.28515625 0.7609375 0.1296875 0.39453125
0 0.32421875 0.4828125 0.06953125 0.15390625
0 0.3578125 0.6109375 0.084375 0.17578125
0 0.4890625 0.775 0.26171875 0.446875
0 0.3921875 0.53125 0.06484375 0.11796875
0 0.396875 0.4828125 0.06953125 0.15859375
0 0.39453125 0.40390625 0.02890625 0.0453125
0 0.39296875 0.359375 0.02421875 0.03828125
0 0.3953125 0.3078125 0.02421875 0.04296875
0 0.459375 0.54921875 0.06953125 0.11796875
0 0.4671875 0.49375 0.0765625 0.1609375
0 0.5421875 0.6109375 0.12734375 0.24296875
0 0.53984375 0.49140625 0.06953125 0.1734375
0 0.66953125 0.56875 0.08203125 0.17578125
0 0.65 0.5015625 0.03828125 0.0984375
0 0.7078125 0.65234375 0.134375 0.24296875
0 0.80078125 0.85 0.25234375 0.2984375
0 0.80625 0.51328125 0.06015625 0.13203125
0 0.828125 0.54453125 0.09609375 0.13671875
0 0.8390625 0.5828125 0.11796875 0.2234375
0 0.9125 0.61875 0.14921875 0.24296875