0 0.45078125 0.51953125 0.04296875 0.03828125
0 0.39453125 0.525 0.040625 0.040625
0 0.42578125 0.5296875 0.0265625 0.0625
0 0.9234375 0.53984375 0.0484375 0.0484375
0 0.1453125 0.74296875 0.0453125 0.0484375
0 0.12734375 0.7984375 0.04296875 0.05546875
0 0.7796875 0.84765625 0.0453125 0.07421875
0 0.6828125 0.86796875 0.04296875 0.0453125
0 0.709375 0.86875 0.04296875 0.0453125
0 0.74296875 0.896875 0.0484375 0.0484375
0 0.7328125 0.94375 0.0484375 0.0484375
0 0.928125 0.3234375 0.0484375 0.05078125