0 0.33046875 0.05078125 0.05546875 0.0578125
0 0.1296875 0.63203125 0.040625 0.040625
0 0.4625 0.66953125 0.02421875 0.053125
0 0.4390625 0.67578125 0.03828125 0.03828125
0 0.4046875 0.68046875 0.02890625 0.040625
0 0.10703125 0.6890625 0.040625 0.06484375
0 0.79921875 0.9390625 0.0484375 0.05078125
0 0.74296875 0.94453125 0.0453125 0.05546875
0 0.7171875 0.9578125 0.04296875 0.071875
0 0.77421875 0.9640625 0.03828125 0.06953125
0 0.9484375 0.2203125 0.04296875 0.0671875
0 0.92890625 0.43046875 0.040625 0.05546875