0 0.02890625 0.42578125 0.0578125 0.05546875
0 0.0109375 0.55859375 0.0171875 0.04296875
0 0.03125 0.55390625 0.0359375 0.115625
0 0.05859375 0.55625 0.021875 0.084375
0 0.06875 0.52265625 0.009375 0.02890625
0 0.08046875 0.5359375 0.0171875 0.02890625
0 0.11171875 0.52890625 0.01953125 0.02421875
0 0.15234375 0.53125 0.0140625 0.0265625
0 0.165625 0.5203125 0.0171875 0.02421875
0 0.38203125 0.50859375 0.4015625 0.75
0 0.490625 0.42890625 0.0140625 0.07421875
0 0.51328125 0.44453125 0.04296875 0.13671875
0 0.53359375 0.5203125 0.03828125 0.09609375
0 0.540625 0.43359375 0.040625 0.103125
0 0.56640625 0.52421875 0.06484375 0.11796875
0 0.57421875 0.42890625 0.04296875 0.10078125
0 0.603125 0.5296875 0.08671875 0.17578125
0 0.6453125 0.42890625 0.0671875 0.13203125
0 0.65859375 0.5359375 0.09375 0.165625
0 0.7171875 0.52421875 0.09140625 0.19453125
0 0.7171875 0.36875 0.0359375 0.10546875
0 0.7765625 0.5140625 0.1078125 0.19921875
0 0.82109375 0.43984375 0.084375 0.23046875
0 0.86328125 0.4234375 0.053125 0.24296875
0 0.8890625 0.51171875 0.08671875 0.27421875
0 0.9515625 0.45546875 0.09140625 0.3390625