0 0.03203125 0.409375 0.059375 0.0578125
0 0.009375 0.54140625 0.01875 0.04375
0 0.0296875 0.5375 0.040625 0.1171875
0 0.05703125 0.540625 0.025 0.084375
0 0.06796875 0.5078125 0.0109375 0.0296875
0 0.0796875 0.52109375 0.01875 0.0296875
0 0.1109375 0.515625 0.0203125 0.025
0 0.1515625 0.51875 0.015625 0.0265625
0 0.16484375 0.50859375 0.01875 0.025
0 0.38203125 0.5046875 0.428125 0.7640625
0 0.49296875 0.42890625 0.0171875 0.075
0 0.51484375 0.4453125 0.0484375 0.1375
0 0.5328125 0.52109375 0.0421875 0.096875
0 0.54296875 0.43515625 0.04375 0.1046875
0 0.565625 0.5265625 0.06875 0.1203125
0 0.5765625 0.43125 0.046875 0.1015625
0 0.60234375 0.53359375 0.0921875 0.178125
0 0.64765625 0.434375 0.071875 0.134375
0 0.65703125 0.54140625 0.1 0.16875
0 0.71640625 0.53203125 0.0984375 0.196875
0 0.721875 0.3765625 0.0390625 0.10625
0 0.77578125 0.5234375 0.1140625 0.203125
0 0.82265625 0.45078125 0.0921875 0.2328125
0 0.865625 0.4359375 0.0609375 0.2453125
0 0.88828125 0.525 0.096875 0.2765625
0 0.95078125 0.47109375 0.0984375 0.3421875