0 0.0734375 0.7828125 0.13671875 0.22109375
0 0.06015625 0.69140625 0.084375 0.12265625
0 0.1234375 0.67890625 0.06015625 0.13671875
0 0.146875 0.91796875 0.09609375 0.1609375
0 0.1625 0.71875 0.08671875 0.1421875
0 0.271875 0.875 0.1828125 0.2453125
0 0.25 0.70078125 0.0984375 0.15859375
0 0.28515625 0.63125 0.05546875 0.09375
0 0.30625 0.55390625 0.05078125 0.09375
0 0.32421875 0.6984375 0.08203125 0.16328125
0 0.3765625 0.821875 0.1203125 0.21875
0 0.3609375 0.6625 0.0453125 0.10078125
0 0.40859375 0.67421875 0.09375 0.146875
0 0.4546875 0.7703125 0.103125 0.18046875
0 0.478125 0.915625 0.1390625 0.16328125
0 0.4828125 0.671875 0.0453125 0.103125
0 0.49609375 0.6203125 0.0359375 0.0796875
0 0.5671875 0.8765625 0.1390625 0.2453125
0 0.53515625 0.69453125 0.053125 0.0890625
0 0.5640625 0.64921875 0.103125 0.09375
0 0.584375 0.821875 0.1078125 0.2140625
0 0.5921875 0.609375 0.03359375 0.0625
0 0.6203125 0.7859375 0.08203125 0.2328125
0 0.64453125 0.73828125 0.0625 0.15859375
0 0.66953125 0.6703125 0.06015625 0.10078125
0 0.759375 0.87734375 0.19453125 0.24296875
0 0.71640625 0.6515625 0.040625 0.11796875
0 0.7546875 0.74765625 0.0984375 0.2015625
0 0.78515625 0.61875 0.0265625 0.0765625
0 0.796875 0.6390625 0.040625 0.09375
0 0.85078125 0.77265625 0.09375 0.2328125
0 0.9234375 0.859375 0.134375 0.2765625
0 0.93046875 0.7015625 0.134375 0.21640625
0 0.96015625 0.89296875 0.07421875 0.209375