0 0.9265625 0.7828125 0.1375 0.221875
0 0.93984375 0.69140625 0.084375 0.121875
0 0.8765625 0.67890625 0.059375 0.1375
0 0.853125 0.91796875 0.096875 0.1609375
0 0.8375 0.71875 0.0875 0.1421875
0 0.728125 0.875 0.1828125 0.2453125
0 0.75 0.70078125 0.0984375 0.159375
0 0.71484375 0.63125 0.05625 0.09375
0 0.69375 0.55390625 0.05 0.09375
0 0.67578125 0.6984375 0.08125 0.1625
0 0.6234375 0.821875 0.1203125 0.21875
0 0.6390625 0.6625 0.0453125 0.1
0 0.59140625 0.67421875 0.09375 0.146875
0 0.5453125 0.7703125 0.103125 0.18125
0 0.521875 0.915625 0.1390625 0.1625
0 0.5171875 0.671875 0.0453125 0.103125
0 0.50390625 0.6203125 0.0359375 0.0796875
0 0.4328125 0.8765625 0.1390625 0.2453125
0 0.46484375 0.69453125 0.053125 0.0890625
0 0.4359375 0.64921875 0.103125 0.09375
0 0.415625 0.821875 0.1078125 0.2140625
0 0.4078125 0.609375 0.034375 0.0625
0 0.3796875 0.7859375 0.08125 0.2328125
0 0.35546875 0.73828125 0.0625 0.159375
0 0.33046875 0.6703125 0.059375 0.1
0 0.240625 0.87734375 0.19375 0.24375
0 0.28359375 0.6515625 0.040625 0.11875
0 0.2453125 0.74765625 0.0984375 0.2015625
0 0.21484375 0.61875 0.0265625 0.0765625
0 0.203125 0.6390625 0.040625 0.09375
0 0.14921875 0.77265625 0.09375 0.2328125
0 0.0765625 0.859375 0.134375 0.2765625
0 0.06953125 0.7015625 0.134375 0.215625
0 0.03984375 0.89296875 0.075 0.209375