0 0.071875 0.596875 0.1234375 0.0890625
0 0.15625 0.5953125 0.053125 0.134375
0 0.1984375 0.575 0.05625 0.0859375
0 0.2578125 0.57421875 0.0390625 0.0953125
0 0.28984375 0.578125 0.028125 0.1109375
0 0.31640625 0.58359375 0.0234375 0.096875
0 0.334375 0.58359375 0.028125 0.096875
0 0.3953125 0.57265625 0.040625 0.121875
0 0.43203125 0.6 0.0390625 0.10625
0 0.46640625 0.57734375 0.0609375 0.15625
0 0.6265625 0.57109375 0.0796875 0.2390625
0 0.74140625 0.575 0.096875 0.228125
0 0.7984375 0.5140625 0.040625 0.06875
0 0.8390625 0.571875 0.065625 0.1390625
0 0.92734375 0.60390625 0.140625 0.1875
0 0.91015625 0.50078125 0.078125 0.103125
0 0.9765625 0.54140625 0.0453125 0.153125