0 0.07578125 0.61171875 0.1203125 0.084375
0 0.16015625 0.60703125 0.0484375 0.13203125
0 0.2015625 0.58515625 0.053125 0.084375
0 0.2609375 0.5828125 0.0359375 0.09375
0 0.29296875 0.58515625 0.02421875 0.1109375
0 0.31953125 0.58984375 0.01953125 0.09609375
0 0.3375 0.5890625 0.02421875 0.09609375
0 0.39765625 0.5765625 0.0359375 0.1203125
0 0.4359375 0.60234375 0.0359375 0.10546875
0 0.46875 0.578125 0.05546875 0.15390625
0 0.62890625 0.56640625 0.071875 0.2359375
0 0.74375 0.56640625 0.0890625 0.22578125
0 0.7984375 0.50390625 0.03828125 0.0671875
0 0.84140625 0.56015625 0.06015625 0.13671875
0 0.93046875 0.5890625 0.134375 0.1828125
0 0.91015625 0.48671875 0.07421875 0.10078125
0 0.97734375 0.525 0.040625 0.1515625