0 0.25859375 0.69453125 0.15859375 0.28828125
0 0.240625 0.49375 0.48046875 0.18046875
0 0.0609375 0.3953125 0.053125 0.084375
0 0.11796875 0.57421875 0.134375 0.18984375
0 0.5375 0.53359375 0.17578125 0.2046875
0 0.6421875 0.4984375 0.06015625 0.09140625
0 0.7171875 0.615625 0.12734375 0.24296875
0 0.6984375 0.5 0.0484375 0.06953125
0 0.74296875 0.51796875 0.053125 0.11328125
0 0.85546875 0.7546875 0.22578125 0.40625
0 0.8859375 0.5203125 0.06953125 0.10078125
0 0.9359375 0.5984375 0.12265625 0.196875
0 0.98046875 0.5328125 0.0359375 0.071875