0 0.7546875 0.67734375 0.178125 0.2984375
0 0.75625 0.47578125 0.4875 0.2140625
0 0.93046875 0.36484375 0.059375 0.0875
0 0.8859375 0.54765625 0.146875 0.1984375
0 0.46484375 0.5359375 0.1890625 0.2171875
0 0.3578125 0.50859375 0.065625 0.0953125
0 0.29140625 0.63046875 0.14375 0.2515625
0 0.30234375 0.5140625 0.053125 0.0734375
0 0.25859375 0.53515625 0.0609375 0.1171875
0 0.16328125 0.77890625 0.253125 0.4203125
0 0.11640625 0.546875 0.0765625 0.1046875
0 0.071875 0.62890625 0.1359375 0.2046875
0 0.02265625 0.56640625 0.040625 0.0734375