0 0.57109375 0.88359375 0.08671875 0.1828125
0 0.271875 0.884375 0.08671875 0.22109375
0 0.3234375 0.93515625 0.08671875 0.12734375
0 0.4828125 0.06953125 0.0578125 0.1390625
0 0.5140625 0.53359375 0.03828125 0.103125
0 0.53984375 0.06640625 0.06015625 0.13203125
0 0.52890625 0.50390625 0.03359375 0.11796875
0 0.60078125 0.92421875 0.0625 0.14921875
0 0.5953125 0.125 0.01953125 0.06953125
0 0.6390625 0.08203125 0.02421875 0.0625
0 0.6578125 0.1234375 0.0359375 0.0578125
0 0.66796875 0.3265625 0.02421875 0.0625
0 0.678125 0.28359375 0.01953125 0.0265625
0 0.6875 0.33046875 0.0359375 0.08203125
0 0.6875 0.078125 0.02421875 0.08671875
0 0.74375 0.3921875 0.02421875 0.084375
0 0.92421875 0.5625 0.06953125 0.09609375
0 0.9171875 0.7671875 0.0453125 0.1203125
0 0.94453125 0.63203125 0.05078125 0.134375