0 0.6171875 0.871875 0.1078125 0.1921875
0 0.3203125 0.896875 0.1125 0.20625
0 0.37734375 0.9421875 0.1015625 0.115625
0 0.43046875 0.075 0.075 0.1453125
0 0.51796875 0.53125 0.05 0.10625
0 0.48671875 0.0671875 0.0765625 0.134375
0 0.52890625 0.5 0.0484375 0.121875
0 0.6515625 0.90859375 0.0796875 0.15625
0 0.54921875 0.11640625 0.028125 0.071875
0 0.58671875 0.06796875 0.03125 0.065625
0 0.6109375 0.10703125 0.0421875 0.0625
0 0.6453125 0.30703125 0.03125 0.065625
0 0.65078125 0.26328125 0.021875 0.028125
0 0.665625 0.30859375 0.0453125 0.0859375
0 0.634375 0.05859375 0.034375 0.0890625
0 0.72890625 0.36328125 0.034375 0.0859375
0 0.92890625 0.51015625 0.08125 0.103125
0 0.946875 0.7140625 0.059375 0.125
0 0.95703125 0.5765625 0.0671875 0.1390625