0 0.7 0.87734375 0.0984375 0.19375
0 0.01953125 0.8234375 0.0390625 0.175
0 0.44296875 0.759375 0.815625 0.3421875
0 0.1515625 0.8328125 0.0921875 0.215625
0 0.184375 0.8453125 0.0796875 0.203125
0 0.23203125 0.8578125 0.075 0.1953125
0 0.25 0.8640625 0.0546875 0.1875
0 0.28359375 0.8171875 0.0828125 0.21875
0 0.346875 0.81640625 0.0890625 0.246875
0 0.83671875 0.85859375 0.0859375 0.175
0 0.88203125 0.94375 0.0828125 0.1125
0 0.875 0.9109375 0.03125 0.0703125
0 0.915625 0.86875 0.071875 0.1796875