0 0.76796875 0.83203125 0.06484375 0.18515625
0 0.0203125 0.9078125 0.040625 0.18046875
0 0.0625 0.91484375 0.0671875 0.165625
0 0.49375 0.765625 0.79296875 0.19453125
0 0.22109375 0.89296875 0.053125 0.209375
0 0.25625 0.89921875 0.04296875 0.19921875
0 0.30546875 0.90234375 0.03828125 0.1921875
0 0.32421875 0.9046875 0.01953125 0.1875
0 0.34765625 0.85234375 0.04296875 0.2140625
0 0.41015625 0.83984375 0.04296875 0.24296875
0 0.89921875 0.7875 0.05546875 0.16796875
0 0.96171875 0.86875 0.0625 0.11328125
0 0.946875 0.83203125 0.01953125 0.0671875
0 0.978125 0.7828125 0.03828125 0.17578125