0 0.5171875 0.84921875 0.965625 0.3015625
0 0.3796875 0.5953125 0.0765625 0.159375
0 0.4375 0.70625 0.1453125 0.1734375
0 0.36484375 0.4375 0.059375 0.1546875
0 0.35078125 0.28046875 0.0515625 0.1515625
0 0.38046875 0.15234375 0.128125 0.1046875
0 0.40234375 0.403125 0.109375 0.19375
0 0.38203125 0.26875 0.09375 0.16875
0 0.41640625 0.56640625 0.0890625 0.196875
0 0.4640625 0.41015625 0.0890625 0.1515625
0 0.44921875 0.26796875 0.0875 0.11875
0 0.4578125 0.25078125 0.1109375 0.1578125
0 0.4453125 0.15078125 0.0984375 0.090625
0 0.54375 0.69765625 0.16875 0.1828125
0 0.49609375 0.57734375 0.09375 0.175
0 0.49921875 0.3984375 0.1390625 0.190625
0 0.43515625 0.22734375 0.0296875 0.025
0 0.5234375 0.72734375 0.0890625 0.1546875
0 0.55234375 0.5578125 0.0875 0.2015625