0 0.20546875 0.55546875 0.1078125 0.23828125
0 0.259375 0.57109375 0.14921875 0.24765625
0 0.24609375 0.3765625 0.0578125 0.12734375
0 0.32421875 0.52421875 0.0765625 0.14921875
0 0.328125 0.3734375 0.0765625 0.12265625
0 0.4109375 0.5953125 0.21640625 0.24296875
0 0.41328125 0.3765625 0.115625 0.10546875
0 0.46171875 0.50703125 0.15390625 0.12265625
0 0.50859375 0.57109375 0.20703125 0.22109375
0 0.47578125 0.3796875 0.0671875 0.10546875
0 0.52265625 0.365625 0.053125 0.0890625
0 0.6109375 0.5609375 0.15859375 0.22109375
0 0.56640625 0.375 0.06015625 0.115625
0 0.77890625 0.57109375 0.1828125 0.23828125