0 0.21953125 0.60546875 0.146875 0.253125
0 0.275 0.61171875 0.190625 0.2703125
0 0.22890625 0.42265625 0.0796875 0.1359375
0 0.33125 0.5546875 0.1015625 0.1609375
0 0.30859375 0.40546875 0.096875 0.134375
0 0.42890625 0.609375 0.2546875 0.2765625
0 0.39296875 0.39375 0.1328125 0.1234375
0 0.46328125 0.51328125 0.1734375 0.146875
0 0.52109375 0.56875 0.2421875 0.253125
0 0.45546875 0.3859375 0.084375 0.115625
0 0.49921875 0.3640625 0.0671875 0.096875
0 0.61953125 0.540625 0.1953125 0.2453125
0 0.54375 0.365625 0.0796875 0.125
0 0.78671875 0.521875 0.221875 0.2671875