0 0.16953125 0.51953125 0.1640625 0.434375
0 0.8453125 0.68515625 0.1046875 0.1765625
0 0.74453125 0.653125 0.1328125 0.36875
0 0.634375 0.628125 0.284375 0.74375
0 0.6828125 0.55390625 0.1078125 0.3484375
0 0.5625 0.59296875 0.1640625 0.45
0 0.5015625 0.59140625 0.1359375 0.3640625
0 0.4578125 0.62109375 0.146875 0.303125
0 0.49375 0.38671875 0.053125 0.0984375
0 0.428125 0.57734375 0.1609375 0.4296875
0 0.3765625 0.5640625 0.1328125 0.384375
0 0.28984375 0.53984375 0.1421875 0.38125
0 0.06796875 0.52109375 0.1359375 0.3765625
0 0.0265625 0.51015625 0.053125 0.3609375