0 0.0109375 0.2125 0.021875 0.09375
0 0.0484375 0.2015625 0.040625 0.115625
0 0.17421875 0.16015625 0.0625 0.1734375
0 0.2765625 0.146875 0.071875 0.146875
0 0.33671875 0.2234375 0.04296875 0.08671875
0 0.37890625 0.24140625 0.021875 0.02890625
0 0.40859375 0.19140625 0.04296875 0.0984375
0 0.74296875 0.22578125 0.021875 0.0671875
0 0.7703125 0.23671875 0.0265625 0.0484375
0 0.7875 0.234375 0.01953125 0.02890625
0 0.80390625 0.228125 0.021875 0.040625
0 0.83046875 0.1921875 0.021875 0.071875
0 0.978125 0.2609375 0.0265625 0.09375