0 0.97578125 0.60546875 0.0484375 0.1703125
0 0.921875 0.93984375 0.078125 0.1203125
0 0.90625 0.95546875 0.103125 0.0890625
0 0.9421875 0.615625 0.0703125 0.1984375
0 0.9140625 0.6 0.09375 0.3453125
0 0.84765625 0.90703125 0.1078125 0.1859375
0 0.853125 0.690625 0.1421875 0.20625
0 0.875 0.56171875 0.0796875 0.21875
0 0.7921875 0.87421875 0.14375 0.2515625
0 0.79609375 0.99375 0.0734375 0.0125
0 0.859375 0.4546875 0.0546875 0.1109375
0 0.8390625 0.52265625 0.0328125 0.0609375
0 0.765625 0.98125 0.075 0.0375
0 0.81640625 0.56640625 0.078125 0.246875
0 0.7859375 0.6203125 0.1140625 0.2953125
0 0.71484375 0.925 0.1296875 0.15
0 0.7390625 0.68203125 0.1171875 0.215625
0 0.775 0.515625 0.0515625 0.1359375
0 0.740625 0.56328125 0.090625 0.14375
0 0.6828125 0.840625 0.15625 0.253125
0 0.67734375 0.90078125 0.1265625 0.1984375
0 0.75703125 0.48125 0.0359375 0.0703125
0 0.66328125 0.6984375 0.128125 0.2125
0 0.72421875 0.45625 0.0421875 0.0796875
0 0.71328125 0.47265625 0.0546875 0.103125
0 0.7 0.55390625 0.0609375 0.1796875
0 0.68046875 0.4703125 0.053125 0.13125
0 0.56328125 0.89609375 0.1765625 0.2078125
0 0.6328125 0.5984375 0.1078125 0.3125
0 0.63671875 0.4625 0.0671875 0.1125
0 0.65390625 0.415625 0.025 0.040625
0 0.62578125 0.47734375 0.0734375 0.140625
0 0.54296875 0.8875 0.1484375 0.225
0 0.61171875 0.43828125 0.0453125 0.0796875
0 0.54375 0.70390625 0.1109375 0.19375
0 0.56875 0.57265625 0.0828125 0.1984375
0 0.57578125 0.478125 0.0625 0.096875
0 0.52109375 0.553125 0.1046875 0.209375
0 0.50625 0.73671875 0.090625 0.2125
0 0.51953125 0.48828125 0.08125 0.1453125
0 0.45078125 0.7328125 0.1234375 0.246875
0 0.425 0.88984375 0.128125 0.2171875
0 0.50390625 0.415625 0.05 0.096875
0 0.47265625 0.4484375 0.0703125 0.15
0 0.440625 0.60234375 0.084375 0.16875
0 0.4484375 0.5296875 0.071875 0.1234375
0 0.44609375 0.459375 0.0734375 0.178125
0 0.44140625 0.41171875 0.034375 0.0796875
0 0.340625 0.8015625 0.15625 0.2671875
0 0.31171875 0.9296875 0.1484375 0.1171875
0 0.3703125 0.471875 0.090625 0.14375
0 0.35234375 0.59609375 0.0921875 0.1765625
0 0.31484375 0.6984375 0.109375 0.25
0 0.33828125 0.628125 0.0515625 0.09375
0 0.334375 0.5125 0.0234375 0.0421875
0 0.3390625 0.43359375 0.0296875 0.0390625
0 0.3078125 0.5109375 0.0828125 0.14375
0 0.31875 0.42890625 0.028125 0.0375
0 0.21953125 0.76171875 0.1515625 0.4265625
0 0.26953125 0.5203125 0.0640625 0.13125
0 0.26328125 0.428125 0.0375 0.0484375
0 0.25234375 0.525 0.0328125 0.0703125
0 0.21171875 0.59375 0.040625 0.0734375
0 0.21171875 0.553125 0.0421875 0.0421875
0 0.21796875 0.4234375 0.059375 0.0515625
0 0.1578125 0.74921875 0.1421875 0.4359375
0 0.1390625 0.51875 0.090625 0.19375
0 0.1140625 0.67578125 0.0984375 0.25
0 0.0703125 0.8453125 0.140625 0.228125
0 0.071875 0.72890625 0.14375 0.2859375
0 0.06796875 0.61484375 0.1359375 0.2078125
0 0.07890625 0.51171875 0.115625 0.1546875
0 0.071875 0.51171875 0.1109375 0.1421875
0 0.0390625 0.903125 0.078125 0.10625
0 0.01328125 0.74375 0.0265625 0.240625