0 0.015625 0.55546875 0.03125 0.16796875
0 0.0328125 0.91015625 0.0625 0.14921875
0 0.0453125 0.934375 0.090625 0.128125
0 0.0484375 0.56875 0.05078125 0.19453125
0 0.078125 0.55625 0.0578125 0.34140625
0 0.109375 0.8859375 0.08671875 0.21171875
0 0.12890625 0.65234375 0.12265625 0.19453125
0 0.1203125 0.521875 0.0578125 0.2140625
0 0.16953125 0.84765625 0.11796875 0.25234375
0 0.15234375 0.978125 0.06953125 0.040625
0 0.14765625 0.4171875 0.04296875 0.1078125
0 0.16015625 0.48671875 0.0265625 0.0578125
0 0.18359375 0.9671875 0.06953125 0.0625
0 0.178125 0.5328125 0.053125 0.24296875
0 0.203125 0.58984375 0.084375 0.28828125
0 0.240625 0.91484375 0.11328125 0.16796875
0 0.24296875 0.65625 0.09609375 0.20703125
0 0.225 0.48671875 0.03828125 0.13203125
0 0.25390625 0.5375 0.0765625 0.13671875
0 0.2828125 0.81953125 0.13203125 0.240625
0 0.28125 0.88671875 0.10546875 0.2015625
0 0.24609375 0.4546875 0.02890625 0.0671875
0 0.3171875 0.68046875 0.1078125 0.2015625
0 0.28125 0.4328125 0.03359375 0.0765625
0 0.290625 0.45078125 0.0453125 0.0984375
0 0.2953125 0.5328125 0.04296875 0.17578125
0 0.3234375 0.4515625 0.040625 0.12734375
0 0.39453125 0.8953125 0.15625 0.20703125
0 0.3578125 0.584375 0.0765625 0.30546875
0 0.36796875 0.4484375 0.05546875 0.1078125
0 0.35546875 0.4 0.021875 0.03828125
0 0.37734375 0.4640625 0.06015625 0.134375
0 0.415625 0.88671875 0.125 0.2234375
0 0.3953125 0.4265625 0.03828125 0.0765625
0 0.43515625 0.6984375 0.09140625 0.18515625
0 0.42421875 0.56484375 0.0625 0.1921875
0 0.4265625 0.4703125 0.053125 0.09140625
0 0.4734375 0.55078125 0.084375 0.2015625
0 0.46875 0.734375 0.06953125 0.20703125
0 0.48203125 0.48671875 0.0671875 0.1390625
0 0.52421875 0.73671875 0.0984375 0.23828125
0 0.53359375 0.8953125 0.1078125 0.20703125
0 0.5046875 0.415625 0.040625 0.09375
0 0.5328125 0.4515625 0.05546875 0.14453125
0 0.5484375 0.6078125 0.0671875 0.16328125
0 0.5484375 0.53515625 0.06015625 0.11796875
0 0.5578125 0.46484375 0.05546875 0.1734375
0 0.5671875 0.41796875 0.0265625 0.0765625
0 0.62734375 0.81640625 0.1296875 0.2546875
0 0.6421875 0.946875 0.1390625 0.103125
0 0.63203125 0.4859375 0.0765625 0.13671875
0 0.63671875 0.6109375 0.07421875 0.1703125
0 0.66328125 0.71640625 0.084375 0.24296875
0 0.64765625 0.64453125 0.04296875 0.0890625
0 0.66328125 0.5296875 0.01953125 0.040625
0 0.6671875 0.45078125 0.0265625 0.0359375
0 0.68984375 0.53125 0.06953125 0.13671875
0 0.6875 0.4484375 0.02421875 0.0359375
0 0.7515625 0.78984375 0.1078125 0.41796875
0 0.72734375 0.54453125 0.05078125 0.12734375
0 0.74296875 0.453125 0.03359375 0.0453125
0 0.74375 0.55078125 0.0265625 0.0671875
0 0.7765625 0.6234375 0.03359375 0.06953125
0 0.78125 0.5828125 0.03828125 0.03828125
0 0.78828125 0.453125 0.05546875 0.0453125
0 0.8140625 0.78359375 0.0984375 0.428125
0 0.85703125 0.55625 0.071875 0.1875
0 0.865625 0.71484375 0.07421875 0.24296875
0 0.90390625 0.890625 0.14453125 0.2140625
0 0.91484375 0.77421875 0.14453125 0.271875
0 0.9265625 0.6609375 0.134375 0.19453125
0 0.91796875 0.55546875 0.10078125 0.14453125
0 0.92421875 0.55625 0.0984375 0.13203125
0 0.93984375 0.9515625 0.11796875 0.09375
0 0.978125 0.7953125 0.040625 0.23828125