0 0.94296875 0.33671875 0.05 0.084375
0 0.82421875 0.35859375 0.04375 0.0859375
0 0.77265625 0.3625 0.0328125 0.071875
0 0.6078125 0.38984375 0.0359375 0.0875
0 0.57578125 0.39609375 0.05625 0.121875
0 0.5453125 0.49609375 0.0921875 0.2390625
0 0.5171875 0.41328125 0.021875 0.0453125
0 0.49296875 0.3734375 0.028125 0.03125
0 0.47421875 0.528125 0.1015625 0.2921875
0 0.4109375 0.39375 0.040625 0.06875
0 0.35234375 0.4125 0.03125 0.065625
0 0.190625 0.43671875 0.0421875 0.0703125
0 0.18046875 0.4625 0.0765625 0.1390625
0 0.1296875 0.43515625 0.0328125 0.071875
0 0.03671875 0.4625 0.05625 0.0703125