0 0.14921875 0.60859375 0.125 0.2234375
0 0.271875 0.3328125 0.1171875 0.121875
0 0.25 0.73515625 0.3375 0.4609375
0 0.26796875 0.57578125 0.103125 0.178125
0 0.36875 0.44140625 0.046875 0.0734375
0 0.44609375 0.78046875 0.2390625 0.39375
0 0.56328125 0.63984375 0.10625 0.1671875
0 0.60234375 0.7875 0.2890625 0.425
0 0.6671875 0.66015625 0.0859375 0.140625
0 0.70546875 0.5734375 0.053125 0.0703125
0 0.73828125 0.59140625 0.046875 0.0625
0 0.7375 0.63203125 0.0578125 0.078125
0 0.75390625 0.5703125 0.04375 0.059375
0 0.7734375 0.5796875 0.0234375 0.046875
0 0.80546875 0.609375 0.0703125 0.075
0 0.8203125 0.64140625 0.0734375 0.10625
0 0.834375 0.58828125 0.0296875 0.040625
0 0.846875 0.63671875 0.0546875 0.0921875
0 0.86484375 0.60625 0.0328125 0.046875
0 0.88125 0.6046875 0.03125 0.0421875
0 0.88515625 0.62578125 0.0578125 0.0875
0 0.94296875 0.63359375 0.04375 0.059375
0 0.9453125 0.62109375 0.0375 0.0484375
0 0.946875 0.66640625 0.06875 0.0921875