0 0.046875 0.45078125 0.09375 0.3015625
0 0.11015625 0.4875 0.1078125 0.3046875
0 0.1484375 0.49921875 0.0859375 0.2953125
0 0.23203125 0.54140625 0.2234375 0.56875
0 0.31796875 0.51328125 0.1078125 0.2828125
0 0.421875 0.55 0.18125 0.53125
0 0.47890625 0.5625 0.0921875 0.19375
0 0.515625 0.52109375 0.0703125 0.14375
0 0.62890625 0.58515625 0.1734375 0.4671875
0 0.67734375 0.4671875 0.0484375 0.0921875
0 0.69765625 0.53046875 0.0421875 0.1359375
0 0.75 0.60625 0.1578125 0.421875
0 0.79765625 0.45859375 0.0375 0.0515625
0 0.8296875 0.5984375 0.1375 0.4109375
0 0.91875 0.6078125 0.1390625 0.39375
0 0.984375 0.55390625 0.03125 0.1359375