0 0.00859375 0.7875 0.0171875 0.15625
0 0.0375 0.915625 0.05546875 0.16328125
0 0.04296875 0.68125 0.01171875 0.0578125
0 0.05546875 0.6984375 0.021875 0.0453125
0 0.078125 0.7125 0.0484375 0.10546875
0 0.08515625 0.4 0.04296875 0.10078125
0 0.10546875 0.56953125 0.02890625 0.0796875
0 0.1296875 0.8859375 0.04296875 0.18046875
0 0.1265625 0.140625 0.03359375 0.1078125
0 0.1234375 0.6984375 0.01953125 0.06484375
0 0.1453125 0.78125 0.03359375 0.0671875
0 0.1578125 0.76171875 0.01953125 0.07421875
0 0.17578125 0.70078125 0.01171875 0.0625
0 0.20703125 0.84140625 0.0453125 0.15625
0 0.2203125 0.40390625 0.0453125 0.14921875
0 0.2203125 0.74609375 0.03359375 0.04296875
0 0.225 0.69609375 0.01171875 0.05546875
0 0.240625 0.7453125 0.0171875 0.09375
0 0.2796875 0.96171875 0.053125 0.07421875
0 0.2703125 0.6765625 0.021875 0.05078125
0 0.28359375 0.8328125 0.0359375 0.13671875
0 0.303125 0.69140625 0.03359375 0.0578125
0 0.30546875 0.6546875 0.0140625 0.053125
0 0.3171875 0.725 0.01953125 0.0484375
0 0.34140625 0.4484375 0.0359375 0.12734375
0 0.3453125 0.90625 0.02421875 0.1515625
0 0.38125 0.90859375 0.02890625 0.18046875
0 0.41484375 0.790625 0.02421875 0.11328125
0 0.4359375 0.74765625 0.0265625 0.0765625
0 0.4375 0.67421875 0.0171875 0.06015625
0 0.4546875 0.8609375 0.021875 0.12734375
0 0.46171875 0.66328125 0.01953125 0.053125
0 0.459375 0.13671875 0.00703125 0.0171875
0 0.48046875 0.67421875 0.0046875 0.06015625
0 0.50390625 0.73203125 0.00703125 0.040625
0 0.50859375 0.69921875 0.0171875 0.0796875
0 0.5171875 0.0796875 0.02421875 0.10546875
0 0.540625 0.96171875 0.03359375 0.0625
0 0.54296875 0.7203125 0.01171875 0.0796875
0 0.56875 0.803125 0.02421875 0.09375
0 0.571875 0.71171875 0.01953125 0.0625
0 0.60703125 0.78359375 0.03828125 0.10078125
0 0.63125 0.87109375 0.03359375 0.1421875
0 0.66015625 0.9171875 0.0484375 0.1203125
0 0.696875 0.85078125 0.03828125 0.11796875
0 0.8125 0.84140625 0.021875 0.134375