0 0.9859375 0.79609375 0.0203125 0.15625
0 0.95546875 0.9203125 0.0578125 0.159375
0 0.95390625 0.6890625 0.0125 0.0578125
0 0.940625 0.70625 0.0234375 0.0453125
0 0.91796875 0.71953125 0.05 0.10625
0 0.91640625 0.40703125 0.0453125 0.1015625
0 0.89296875 0.5765625 0.0296875 0.0796875
0 0.86328125 0.8921875 0.046875 0.18125
0 0.8796875 0.146875 0.0359375 0.1078125
0 0.87265625 0.7046875 0.0203125 0.065625
0 0.85 0.7875 0.034375 0.0671875
0 0.8375 0.76796875 0.0203125 0.075
0 0.8203125 0.70625 0.0125 0.0625
0 0.78671875 0.84609375 0.0484375 0.15625
0 0.78125 0.40859375 0.0484375 0.15
0 0.775 0.75078125 0.034375 0.04375
0 0.771875 0.70078125 0.0125 0.05625
0 0.7546875 0.75 0.01875 0.09375
0 0.71171875 0.9640625 0.0546875 0.071875
0 0.7265625 0.68046875 0.0234375 0.0515625
0 0.7109375 0.83671875 0.0390625 0.1375
0 0.69375 0.69453125 0.034375 0.0578125
0 0.6921875 0.6578125 0.015625 0.053125
0 0.67890625 0.728125 0.0203125 0.0484375
0 0.659375 0.4515625 0.0375 0.128125
0 0.64765625 0.90859375 0.0265625 0.1515625
0 0.61171875 0.91015625 0.0328125 0.1796875
0 0.5796875 0.7921875 0.0265625 0.1140625
0 0.559375 0.7484375 0.028125 0.0765625
0 0.559375 0.675 0.01875 0.0609375
0 0.5390625 0.86171875 0.0234375 0.128125
0 0.53515625 0.6640625 0.0203125 0.053125
0 0.546875 0.1375 0.0078125 0.0171875
0 0.51640625 0.67421875 0.00625 0.0609375
0 0.4921875 0.73203125 0.0078125 0.040625
0 0.48828125 0.69921875 0.01875 0.0796875
0 0.48984375 0.0796875 0.0265625 0.10625
0 0.4515625 0.9609375 0.034375 0.0625
0 0.453125 0.71953125 0.0125 0.0796875
0 0.42578125 0.8015625 0.0265625 0.09375
0 0.42421875 0.71015625 0.0203125 0.0625
0 0.38828125 0.78203125 0.040625 0.1015625
0 0.3625 0.86875 0.0359375 0.1421875
0 0.3328125 0.9140625 0.05 0.121875
0 0.296875 0.84765625 0.040625 0.11875
0 0.18125 0.8359375 0.0234375 0.134375