0 0.11640625 0.53125 0.128125 0.275
0 0.22109375 0.53203125 0.15 0.3203125
0 0.20390625 0.5484375 0.0859375 0.190625
0 0.29609375 0.540625 0.0734375 0.2390625
0 0.3546875 0.5328125 0.084375 0.2359375
0 0.3828125 0.53515625 0.0828125 0.2875
0 0.4390625 0.53046875 0.0828125 0.2171875
0 0.48203125 0.48515625 0.0859375 0.1953125
0 0.509375 0.54765625 0.0890625 0.25
0 0.56953125 0.5 0.0984375 0.1625
0 0.63671875 0.53359375 0.0796875 0.18125
0 0.66015625 0.50546875 0.034375 0.125
0 0.68359375 0.52578125 0.0828125 0.2640625
0 0.6734375 0.50625 0.0359375 0.140625
0 0.73046875 0.53125 0.08125 0.2
0 0.73359375 0.43984375 0.0390625 0.065625
0 0.75859375 0.4421875 0.040625 0.065625
0 0.76171875 0.52734375 0.06875 0.184375
0 0.77109375 0.434375 0.0296875 0.03125
0 0.79375 0.528125 0.0765625 0.240625
0 0.85390625 0.47734375 0.0734375 0.1671875
0 0.86796875 0.525 0.075 0.1546875
0 0.91015625 0.515625 0.0640625 0.1796875
0 0.909375 0.46640625 0.0375 0.075
0 0.92578125 0.54140625 0.078125 0.1515625
0 0.94609375 0.50078125 0.0484375 0.146875