0 0.1203125 0.56484375 0.10546875 0.2671875
0 0.225 0.55625 0.12265625 0.31015625
0 0.209375 0.57421875 0.06953125 0.18515625
0 0.30078125 0.55859375 0.053125 0.2359375
0 0.3578125 0.5453125 0.06484375 0.23046875
0 0.38671875 0.5453125 0.0578125 0.28359375
0 0.4421875 0.5359375 0.06484375 0.21171875
0 0.48046875 0.48671875 0.06953125 0.18984375
0 0.51328125 0.546875 0.0671875 0.2453125
0 0.56953125 0.49375 0.084375 0.15625
0 0.6390625 0.521875 0.06484375 0.17578125
0 0.66015625 0.49140625 0.02421875 0.12265625
0 0.68515625 0.509375 0.06015625 0.259375
0 0.6734375 0.49140625 0.02421875 0.1390625
0 0.73203125 0.5109375 0.06484375 0.19453125
0 0.72734375 0.41953125 0.03359375 0.0625
0 0.75234375 0.41953125 0.0359375 0.0625
0 0.76328125 0.5046875 0.053125 0.18046875
0 0.7640625 0.4109375 0.0265625 0.02890625
0 0.7953125 0.50234375 0.05546875 0.2359375
0 0.85078125 0.446875 0.06015625 0.16328125
0 0.86875 0.49296875 0.0625 0.14921875
0 0.91015625 0.4796875 0.0484375 0.17578125
0 0.9046875 0.43125 0.03125 0.071875
0 0.928125 0.50390625 0.06484375 0.146875
0 0.94453125 0.46171875 0.0359375 0.14453125