0 0.0265625 0.74765625 0.053125 0.3203125
0 0.05234375 0.65078125 0.1046875 0.2640625
0 0.0546875 0.725 0.109375 0.3375
0 0.084375 0.6625 0.1109375 0.2921875
0 0.121875 0.6765625 0.096875 0.225
0 0.13984375 0.61015625 0.1109375 0.2765625
0 0.1875 0.6953125 0.153125 0.33125
0 0.22578125 0.6921875 0.1390625 0.2859375
0 0.228125 0.56796875 0.0671875 0.1828125
0 0.25859375 0.64140625 0.0859375 0.225
0 0.278125 0.5859375 0.090625 0.253125
0 0.3171875 0.6125 0.0859375 0.1984375
0 0.3515625 0.57265625 0.09375 0.2375
0 0.3984375 0.55703125 0.10625 0.3390625
0 0.43515625 0.61015625 0.121875 0.26875
0 0.446875 0.5015625 0.1015625 0.271875
0 0.54921875 0.56328125 0.1109375 0.253125
0 0.6109375 0.57578125 0.1171875 0.2546875
0 0.68046875 0.45390625 0.1765625 0.615625
0 0.89765625 0.66953125 0.2046875 0.6046875