0 0.040625 0.84140625 0.08125 0.3109375
0 0.078125 0.7359375 0.08203125 0.25234375
0 0.0953125 0.80859375 0.06953125 0.3296875
0 0.1234375 0.7390625 0.0578125 0.2859375
0 0.1625 0.7453125 0.05546875 0.21875
0 0.1671875 0.6765625 0.06015625 0.26953125
0 0.23046875 0.7515625 0.09375 0.31953125
0 0.2671875 0.74140625 0.0890625 0.27421875
0 0.24609375 0.61875 0.03359375 0.18046875
0 0.28984375 0.68515625 0.0453125 0.22109375
0 0.2984375 0.6265625 0.04296875 0.25
0 0.3421875 0.6453125 0.05078125 0.1921875
0 0.36796875 0.6 0.05078125 0.2328125
0 0.4109375 0.57578125 0.04296875 0.33671875
0 0.45703125 0.6203125 0.07421875 0.259375
0 0.4484375 0.51171875 0.05078125 0.2671875
0 0.56015625 0.553125 0.06484375 0.2453125
0 0.6234375 0.553125 0.071875 0.2453125
0 0.66796875 0.4203125 0.06015625 0.615625
0 0.93359375 0.5890625 0.11328125 0.59375