0 0.7921875 0.64765625 0.11328125 0.49765625
0 0.02890625 0.5421875 0.01953125 0.05078125
0 0.0765625 0.55390625 0.03359375 0.15859375
0 0.13359375 0.5421875 0.0140625 0.0578125
0 0.19609375 0.5453125 0.02421875 0.06484375
0 0.21875 0.54921875 0.0171875 0.053125
0 0.240625 0.546875 0.021875 0.03828125
0 0.29296875 0.546875 0.021875 0.0625
0 0.4890625 0.46640625 0.19453125 0.78359375
0 0.57578125 0.5640625 0.0171875 0.11796875
0 0.6109375 0.56015625 0.0453125 0.134375
0 0.64453125 0.5796875 0.03828125 0.12734375
0 0.8375 0.578125 0.03359375 0.16796875