0 0.79921875 0.63203125 0.1390625 0.503125
0 0.03203125 0.56640625 0.021875 0.0515625
0 0.0796875 0.57578125 0.0421875 0.159375
0 0.1359375 0.5609375 0.0171875 0.0578125
0 0.19921875 0.5609375 0.028125 0.065625
0 0.221875 0.5640625 0.0203125 0.0546875
0 0.24375 0.56015625 0.0234375 0.0390625
0 0.29609375 0.5578125 0.025 0.0640625
0 0.4875 0.4671875 0.2359375 0.7921875
0 0.57890625 0.56015625 0.0234375 0.11875
0 0.6140625 0.55390625 0.0515625 0.1359375
0 0.6484375 0.571875 0.0453125 0.1296875
0 0.84140625 0.56015625 0.0421875 0.16875