0 0.06796875 0.48359375 0.1359375 0.4828125
0 0.85234375 0.80234375 0.2515625 0.3953125
0 0.18515625 0.5921875 0.259375 0.4625
0 0.240625 0.665625 0.171875 0.3078125
0 0.41171875 0.7453125 0.2296875 0.4046875
0 0.3390625 0.45546875 0.1265625 0.2390625
0 0.453125 0.52421875 0.128125 0.2328125
0 0.59765625 0.58671875 0.1515625 0.2921875
0 0.63671875 0.62578125 0.128125 0.2328125
0 0.8234375 0.71796875 0.2015625 0.35
0 0.6828125 0.66328125 0.1359375 0.2640625
0 0.39921875 0.55390625 0.128125 0.221875