0 0.9546875 0.59609375 0.08671875 0.47578125
0 0.0734375 0.75 0.14453125 0.459375
0 0.7828125 0.665625 0.15859375 0.4375
0 0.71171875 0.7234375 0.10546875 0.290625
0 0.5265625 0.759375 0.1421875 0.38203125
0 0.6671875 0.49609375 0.07421875 0.228125
0 0.53984375 0.53515625 0.0765625 0.22109375
0 0.384375 0.56015625 0.08671875 0.27890625
0 0.33671875 0.5890625 0.0765625 0.22109375
0 0.13359375 0.63359375 0.125 0.3296875
0 0.2828125 0.6140625 0.0765625 0.25234375
0 0.584375 0.5765625 0.0796875 0.209375