0 0.16796875 0.59765625 0.1109375 0.2953125
0 0.64921875 0.55625 0.071875 0.2671875
0 0.775 0.5453125 0.071875 0.2671875
0 0.8734375 0.53984375 0.08203125 0.27890625
0 0.73828125 0.55625 0.0578125 0.26171875
0 0.57421875 0.5796875 0.08203125 0.27890625
0 0.703125 0.56640625 0.08203125 0.25234375
0 0.3015625 0.6109375 0.0765625 0.26953125
0 0.18984375 0.6265625 0.08671875 0.2546875
0 0.82421875 0.5625 0.0765625 0.23828125
0 0.6296875 0.58515625 0.07421875 0.2546875
0 0.4859375 0.603125 0.0625 0.26171875
0 0.4390625 0.61796875 0.0796875 0.25
0 0.384375 0.625 0.06953125 0.2328125
0 0.509375 0.61640625 0.06015625 0.228125
0 0.265625 0.64765625 0.06484375 0.240625