0 0.959375 0.5203125 0.0765625 0.25703125
0 0.4046875 0.5984375 0.07421875 0.2765625
0 0.771875 0.32109375 0.1390625 0.20703125
0 0.06640625 0.44921875 0.1296875 0.303125
0 0.2546875 0.4390625 0.12265625 0.459375
0 0.87890625 0.44453125 0.084375 0.196875
0 0.765625 0.46015625 0.0765625 0.2015625
0 0.49296875 0.4828125 0.071875 0.22109375
0 0.5578125 0.50234375 0.06953125 0.2328125
0 0.4484375 0.51796875 0.0578125 0.25703125
0 0.625 0.50703125 0.0984375 0.2640625
0 0.7015625 0.5046875 0.09140625 0.228125
0 0.3328125 0.5578125 0.071875 0.23046875