0 0.82421875 0.6203125 0.16875 0.309375
0 0.34765625 0.546875 0.128125 0.275
0 0.221875 0.52578125 0.125 0.275
0 0.12421875 0.5125 0.1375 0.2875
0 0.25859375 0.5390625 0.1109375 0.265625
0 0.41953125 0.57421875 0.1375 0.2875
0 0.2921875 0.5515625 0.1328125 0.2625
0 0.690625 0.62421875 0.1328125 0.278125
0 0.8015625 0.646875 0.1390625 0.265625
0 0.171875 0.53984375 0.1234375 0.246875
0 0.3640625 0.5765625 0.125 0.2625
0 0.5078125 0.603125 0.115625 0.2671875
0 0.55234375 0.621875 0.1296875 0.2578125
0 0.60546875 0.63203125 0.115625 0.2390625
0 0.4828125 0.615625 0.103125 0.23125
0 0.72421875 0.6640625 0.1140625 0.246875