0 0.9546875 0.5515625 0.090625 0.2625
0 0.3984375 0.59140625 0.09375 0.28125
0 0.78359375 0.340625 0.153125 0.215625
0 0.07265625 0.41796875 0.1453125 0.3109375
0 0.259375 0.421875 0.1546875 0.4671875
0 0.88203125 0.47109375 0.0984375 0.2015625
0 0.76796875 0.47890625 0.090625 0.20625
0 0.49453125 0.48203125 0.0875 0.225
0 0.5578125 0.50625 0.0859375 0.2375
0 0.44765625 0.5140625 0.075 0.2609375
0 0.62421875 0.515625 0.1171875 0.2703125
0 0.70078125 0.51875 0.1078125 0.234375
0 0.32890625 0.54609375 0.0875 0.234375