0 0.18515625 0.64296875 0.1515625 0.3078125
0 0.65546875 0.53515625 0.1078125 0.275
0 0.77890625 0.50625 0.1078125 0.275
0 0.875 0.4875 0.1203125 0.2875
0 0.74375 0.52265625 0.09375 0.2671875
0 0.584375 0.56875 0.1203125 0.2875
0 0.71015625 0.5375 0.115625 0.2609375
0 0.31875 0.6375 0.1140625 0.278125
0 0.21015625 0.66875 0.121875 0.2640625
0 0.8296875 0.51640625 0.109375 0.246875
0 0.640625 0.56640625 0.109375 0.2625
0 0.50078125 0.60390625 0.0984375 0.2671875
0 0.45625 0.625 0.1140625 0.259375
0 0.403125 0.63984375 0.1015625 0.240625
0 0.52578125 0.6140625 0.090625 0.234375
0 0.28828125 0.67890625 0.0984375 0.246875