0 0.9421875 0.63828125 0.115625 0.2640625
0 0.38203125 0.56953125 0.1078125 0.2828125
0 0.809375 0.39765625 0.1609375 0.221875
0 0.09453125 0.3390625 0.165625 0.3171875
0 0.27890625 0.378125 0.178125 0.46875
0 0.8796875 0.54453125 0.10625 0.20625
0 0.76796875 0.53125 0.1015625 0.209375
0 0.49765625 0.48203125 0.096875 0.228125
0 0.55625 0.5171875 0.096875 0.2390625
0 0.4453125 0.50390625 0.090625 0.2625
0 0.61875 0.5390625 0.13125 0.271875
0 0.69296875 0.55703125 0.1203125 0.2390625
0 0.32265625 0.51328125 0.0984375 0.2375