0 0.125 0.5421875 0.0578125 0.1296875
0 0.546875 0.52890625 0.165625 0.49296875
0 0.31953125 0.5578125 0.06015625 0.16328125
0 0.5984375 0.5359375 0.0984375 0.21875
0 0.275 0.56640625 0.0671875 0.1828125
0 0.396875 0.5625 0.06953125 0.22578125
0 0.76953125 0.63359375 0.3078125 0.68984375
0 0.521875 0.6828125 0.12734375 0.3265625
0 0.16328125 0.45546875 0.07421875 0.2671875
0 0.20078125 0.4796875 0.0984375 0.27890625
0 0.33984375 0.4859375 0.0796875 0.26953125
0 0.78984375 0.46171875 0.15390625 0.37734375