0 0.0421875 0.57578125 0.08203125 0.2546875
0 0.60703125 0.58515625 0.06953125 0.2765625
0 0.2078125 0.35546875 0.134375 0.2046875
0 0.92421875 0.396875 0.125 0.303125
0 0.7359375 0.41015625 0.115625 0.45703125
0 0.11796875 0.49140625 0.0796875 0.196875
0 0.23046875 0.49375 0.07421875 0.2015625
0 0.5046875 0.4828125 0.0671875 0.22109375
0 0.4421875 0.509375 0.06484375 0.2328125
0 0.55390625 0.51171875 0.05546875 0.25703125
0 0.37734375 0.521875 0.09609375 0.26171875
0 0.30078125 0.5296875 0.0890625 0.228125
0 0.6734375 0.5375 0.0671875 0.23046875