0 0.15625 0.53828125 0.10078125 0.29296875
0 0.63671875 0.58203125 0.06484375 0.2671875
0 0.76328125 0.5921875 0.0625 0.2671875
0 0.86171875 0.603125 0.071875 0.27890625
0 0.725 0.59609375 0.0484375 0.26171875
0 0.56015625 0.59140625 0.071875 0.27890625
0 0.6890625 0.6 0.07421875 0.25234375
0 0.28515625 0.57421875 0.06953125 0.26953125
0 0.171875 0.56953125 0.0796875 0.2546875
0 0.80859375 0.61796875 0.0671875 0.23828125
0 0.61328125 0.60703125 0.06484375 0.2546875
0 0.4671875 0.5984375 0.053125 0.26171875
0 0.41953125 0.60546875 0.071875 0.24765625
0 0.365625 0.60234375 0.0625 0.23046875
0 0.4890625 0.61640625 0.05078125 0.22578125
0 0.24296875 0.6046875 0.0578125 0.240625